-4.0 -51.45123109937158
-3.9933110367892977 -51.45296171264703
-3.9866220735785953 -51.45471064177571
-3.979933110367893 -51.45647808060249
-3.9732441471571907 -51.45826422502375
-3.9665551839464883 -51.460069273009154
-3.959866220735786 -51.46189342462358
-3.9531772575250836 -51.463736882049254
-3.9464882943143813 -51.46559984960821
-3.939799331103679 -51.46748253378489
-3.9331103678929766 -51.46938514324906
-3.9264214046822743 -51.47130788887896
-3.919732441471572 -51.47325098378461
-3.9130434782608696 -51.47521464333148
-3.9063545150501673 -51.477199085164365
-3.899665551839465 -51.47920452923147
-3.8929765886287626 -51.48123119780882
-3.8862876254180603 -51.48327931552489
-3.879598662207358 -51.485349109385496
-3.8729096989966556 -51.48744080879896
-3.8662207357859533 -51.48955464560152
-3.859531772575251 -51.49169085408306
-3.8528428093645486 -51.49384967101305
-3.8461538461538463 -51.4960313356668
-3.839464882943144 -51.49823608985197
-3.8327759197324416 -51.500464177935385
-3.8260869565217392 -51.50271584687011
-3.819397993311037 -51.50499134622283
-3.8127090301003346 -51.5072909282015
-3.8060200668896322 -51.5096148476833
-3.79933110367893 -51.51196336224291
-3.7926421404682276 -51.514336732181015
-3.7859531772575252 -51.51673522055318
-3.779264214046823 -51.51915909319902
-3.7725752508361206 -51.521608618771644
-3.765886287625418 -51.52408406876742
-3.759197324414716 -51.52658571755611
-3.7525083612040135 -51.529113842411235
-3.745819397993311 -51.53166872354083
-3.739130434782609 -51.5342506441185
-3.7324414715719065 -51.5368598903148
-3.725752508361204 -51.539496751328954
-3.719063545150502 -51.542161519420915
-3.7123745819397995 -51.54485448994375
-3.705685618729097 -51.54757596137639
-3.6989966555183944 -51.55032623535668
-3.6923076923076925 -51.55310561671485
-3.6856187290969897 -51.55591441350728
-3.678929765886288 -51.558752937050656
-3.672240802675585 -51.561621501956445
-3.665551839464883 -51.56452042616582
-3.6588628762541804 -51.56745003098484
-3.6521739130434785 -51.57041064112009
-3.6454849498327757 -51.5734025847147
-3.638795986622074 -51.576426193384656
-3.632107023411371 -51.57948180225559
-3.625418060200669 -51.58256974999993
-3.6187290969899664 -51.585690378874396
-3.612040133779264 -51.588844034758004
-3.6053511705685617 -51.59203106719034
-3.5986622073578594 -51.59525182941032
-3.591973244147157 -51.59850667839536
-3.5852842809364547 -51.60179597490091
-3.5785953177257523 -51.605120083500466
-3.57190635451505 -51.60847937262597
-3.5652173913043477 -51.61187421460865
-3.5585284280936453 -51.61530498572024
-3.551839464882943 -51.618772066214795
-3.5451505016722407 -51.62227584037071
-3.5384615384615383 -51.625816696533406
-3.531772575250836 -51.62939502715831
-3.5250836120401337 -51.6330112288544
-3.5183946488294313 -51.63666570242813
-3.511705685618729 -51.64035885292788
-3.5050167224080266 -51.64409108968883
-3.4983277591973243 -51.64786282637834
-3.491638795986622 -51.651674481041795
-3.4849498327759196 -51.65552647614894
-3.4782608695652173 -51.65941923864072
-3.471571906354515 -51.663353199976555
-3.4648829431438126 -51.667328796182225
-3.4581939799331103 -51.671346467898154
-3.451505016722408 -51.675406660428244
-3.4448160535117056 -51.67950982378928
-3.4381270903010033 -51.68365641276075
-3.431438127090301 -51.68784688693528
-3.4247491638795986 -51.692081710769585
-3.4180602006688963 -51.696361353635915
-3.411371237458194 -51.700686289874106
-3.4046822742474916 -51.705056998844135
-3.3979933110367893 -51.709473964979274
-3.391304347826087 -51.71393767783976
-3.3846153846153846 -51.71844863216707
-3.3779264214046822 -51.72300732793873
-3.37123745819398 -51.727614270423786
-3.3645484949832776 -51.73226997023875
-3.3578595317725752 -51.73697494340421
-3.351170568561873 -51.74172971140206
-3.3444816053511706 -51.74653480123323
-3.3377926421404682 -51.75139074547617
-3.331103678929766 -51.756298082345836
-3.3244147157190636 -51.76125735575334
-3.317725752508361 -51.76626911536626
-3.311036789297659 -51.771333916669555
-3.3043478260869565 -51.77645232102712
-3.297658862876254 -51.781624895744024
-3.290969899665552 -51.78685221412937
-3.2842809364548495 -51.79213485555985
-3.277591973244147 -51.79747340554396
-3.270903010033445 -51.80286845578689
-3.2642140468227425 -51.808320604256124
-3.25752508361204 -51.81383045524768
-3.250836120401338 -51.81939861945313
-3.2441471571906355 -51.82502571402727
-3.237458193979933 -51.83071236265649
-3.230769230769231 -51.836459195627974
-3.2240802675585285 -51.84226684989948
-3.217391304347826 -51.84813596917
-3.210702341137124 -51.854067203951075
-3.2040133779264215 -51.860061211638886
-3.197324414715719 -51.86611865658715
-3.190635451505017 -51.872240210180706
-3.1839464882943145 -51.87842655091001
-3.177257525083612 -51.88467836444624
-3.17056856187291 -51.89099634371735
-3.1638795986622075 -51.897381188984866
-3.157190635451505 -51.90383360792149
-3.150501672240803 -51.91035431568956
-3.1438127090301005 -51.91694403502026
-3.137123745819398 -51.92360349629378
-3.130434782608696 -51.93033343762026
-3.1237458193979935 -51.937134604921575
-3.117056856187291 -51.94400775201402
-3.1103678929765888 -51.950953640691885
-3.1036789297658864 -51.95797304081185
-3.096989966555184 -51.96506673037834
-3.0903010033444818 -51.97223549562975
-3.0836120401337794 -51.97948013112558
-3.076923076923077 -51.986801439834515
-3.0702341137123748 -51.99420023322341
-3.0635451505016724 -52.001677331347246
-3.05685618729097 -52.00923356294
-3.0501672240802673 -52.01686976550652
-3.0434782608695654 -52.02458678541534
-3.0367892976588626 -52.032385477992484
-3.0301003344481607 -52.04026670761628
-3.023411371237458 -52.048231347813164
-3.016722408026756 -52.05628028135447
-3.0100334448160533 -52.064414400354316
-3.0033444816053514 -52.07263460636846
-2.9966555183946486 -52.080941810494224
-2.9899665551839467 -52.08933693347147
-2.983277591973244 -52.09782090578467
-2.976588628762542 -52.10639466776605
-2.9698996655518393 -52.11505916969974
-2.9632107023411374 -52.1238153719272
-2.9565217391304346 -52.132664244953595
-2.9498327759197327 -52.14160676955538
-2.94314381270903 -52.150643936889
-2.936454849498328 -52.15977674860075
-2.9297658862876252 -52.16900621693782
-2.9230769230769234 -52.17833336486042
-2.9163879598662206 -52.18775922615525
-2.9096989966555187 -52.19728484555001
-2.903010033444816 -52.20691127882923
-2.896321070234114 -52.21663959295127
-2.8896321070234112 -52.226470866166586
-2.8829431438127093 -52.236406188137266
-2.8762541806020065 -52.24644666005774
-2.8695652173913047 -52.2565933947769
-2.862876254180602 -52.2668475169214
-2.8561872909699 -52.27721016302033
-2.849498327759197 -52.287682481631165
-2.8428093645484953 -52.298265633467075
-2.8361204013377925 -52.3089607915256
-2.8294314381270906 -52.3197691412186
-2.822742474916388 -52.33069188050371
-2.816053511705686 -52.341730220017055
-2.809364548494983 -52.35288538320751
-2.8026755852842813 -52.364158606472195
-2.7959866220735785 -52.37555113929363
-2.789297658862876 -52.387064244378124
-2.782608695652174 -52.3986991977958
-2.7759197324414715 -52.41045728912198
-2.769230769230769 -52.422339821580145
-2.762541806020067 -52.434348112186385
-2.7558528428093645 -52.446483491895336
-2.749163879598662 -52.45874730574774
-2.74247491638796 -52.471140913019504
-2.7357859531772575 -52.483665687372344
-2.729096989966555 -52.49632301700606
-2.722408026755853 -52.50911430481241
-2.7157190635451505 -52.52204096853055
-2.709030100334448 -52.53510444090421
-2.702341137123746 -52.54830616984051
-2.6956521739130435 -52.5616476185704
-2.688963210702341 -52.57513026581084
-2.682274247491639 -52.58875560592875
-2.6755852842809364 -52.60252514910658
-2.668896321070234 -52.61644042150972
-2.6622073578595318 -52.63050296545564
-2.6555183946488294 -52.64471433958485
-2.648829431438127 -52.65907611903366
-2.6421404682274248 -52.673589895608735
-2.6354515050167224 -52.68825727796356
-2.62876254180602 -52.703079891776696
-2.6220735785953178 -52.718059379932
-2.6153846153846154 -52.733197402700696
-2.608695652173913 -52.74849563792541
-2.6020066889632107 -52.76395578120612
-2.5953177257525084 -52.77957954608809
-2.588628762541806 -52.795368664251804
-2.5819397993311037 -52.81132488570489
-2.5752508361204014 -52.827449978976105
-2.568561872909699 -52.843745731311316
-2.5618729096989967 -52.86021394887162
-2.5551839464882944 -52.87685645693352
-2.548494983277592 -52.89367510009123
-2.5418060200668897 -52.91067174246115
-2.5351170568561874 -52.92784826788843
-2.528428093645485 -52.94520658015582
-2.5217391304347827 -52.96274860319462
-2.5150501672240804 -52.980476281297996
-2.508361204013378 -52.9983915793364
-2.5016722408026757 -53.016496482975406
-2.4949832775919734 -53.03479299889577
-2.488294314381271 -53.05328315501584
-2.4816053511705687 -53.07196900071634
-2.4749163879598663 -53.09085260706749
-2.468227424749164 -53.10993606705859
-2.4615384615384617 -53.129221495829974
-2.454849498327759 -53.14871103090744
-2.448160535117057 -53.168406832439196
-2.441471571906354 -53.188311083435245
-2.4347826086956523 -53.20842599000936
-2.4280936454849495 -53.22875378162362
-2.4214046822742477 -53.249296711335475
-2.414715719063545 -53.270057056047506
-2.408026755852843 -53.29103711675976
-2.40133779264214 -53.3122392188248
-2.3946488294314383 -53.33366571220543
-2.3879598662207355 -53.35531897173517
-2.3812709030100336 -53.37720139738145
-2.374581939799331 -53.399315414511626
-2.367892976588629 -53.42166347416182
-2.361204013377926 -53.44424805330854
-2.3545150501672243 -53.46707165514326
-2.3478260869565215 -53.49013680934984
-2.3411371237458196 -53.51344607238492
-2.334448160535117 -53.537002027761254
-2.327759197324415 -53.56080728633406
-2.321070234113712 -53.584864486590426
-2.3143812709030103 -53.609176294941705
-2.3076923076923075 -53.63374540601909
-2.3010033444816056 -53.65857454297223
-2.294314381270903 -53.683666457771125
-2.287625418060201 -53.70902393151106
-2.280936454849498 -53.734649774720936
-2.2742474916387962 -53.760546827674695
-2.2675585284280935 -53.786717960706206
-2.2608695652173916 -53.81316607452732
-2.254180602006689 -53.83989410054946
-2.247491638795987 -53.866905001208444
-2.240802675585284 -53.89420177029292
-2.2341137123745822 -53.921787433276094
-2.2274247491638794 -53.94966504765113
-2.2207357859531776 -53.977837703270005
-2.2140468227424748 -54.00630852268597
-2.207357859531773 -54.03508066149965
-2.20066889632107 -54.06415730870883
-2.193979933110368 -54.09354168706184
-2.1872909698996654 -54.123237053414826
-2.1806020066889635 -54.15324669909269
-2.1739130434782608 -54.18357395025389
-2.167224080267559 -54.2142221682591
-2.160535117056856 -54.2451947500438
-2.153846153846154 -54.276495128494716
-2.1471571906354514 -54.30812677283039
-2.1404682274247495 -54.34009318898562
-2.1337792642140467 -54.3723979200001
-2.127090301003345 -54.40504454641108
-2.120401337792642 -54.438036686650236
-2.1137123745819397 -54.47137799744473
-2.1070234113712374 -54.50507217422251
-2.100334448160535 -54.53912295152187
-2.0936454849498327 -54.573534103405386
-2.0869565217391304 -54.60830944387825
-2.080267558528428 -54.64345282731095
-2.0735785953177257 -54.67896814886652
-2.0668896321070234 -54.71485934493222
-2.060200668896321 -54.75113039355587
-2.0535117056856187 -54.78778531488675
-2.0468227424749164 -54.82482817162116
-2.040133779264214 -54.86226306945273
-2.0334448160535117 -54.90009415752751
-2.0267558528428093 -54.938325628903776
-2.020066889632107 -54.97696172101684
-2.0133779264214047 -55.01600671614867
-2.0066889632107023 -55.055464941902535
-2.0 -55.09534077168268
-2.0 -55.09534077168268
-1.9866220735785953 -55.17498743525972
-1.9732441471571907 -55.25356851428595
-1.959866220735786 -55.331062468032044
-1.9464882943143813 -55.407448053772626
-1.9331103678929766 -55.482704332609345
-1.919732441471572 -55.55681067521064
-1.9063545150501673 -55.62974676746674
-1.8929765886287626 -55.701492616058125
-1.879598662207358 -55.77202855393614
-1.8662207357859533 -55.841335245714134
-1.8528428093645486 -55.909393692967754
-1.839464882943144 -55.97618523944272
-1.8260869565217392 -56.04169157616897
-1.8127090301003346 -56.10589474647952
-1.7993311036789297 -56.16877715093274
-1.785953177257525 -56.23032155213674
-1.7725752508361203 -56.29051107947454
-1.7591973244147157 -56.349329233728604
-1.745819397993311 -56.40675989160366
-1.7324414715719063 -56.46278731014643
-1.7190635451505016 -56.5173961310611
-1.705685618729097 -56.57057138491933
-1.6923076923076923 -56.622298495263756
-1.6789297658862876 -56.67256328260362
-1.665551839464883 -56.72135196830174
-1.6521739130434783 -56.76865117835146
-1.6387959866220736 -56.81444794704282
-1.625418060200669 -56.85872972051665
-1.6120401337792643 -56.901484360205906
-1.5986622073578596 -56.94270014616309
-1.585284280936455 -56.982365780272936
-1.5719063545150502 -57.02047038934945
-1.5585284280936456 -57.05700352811648
-1.5451505016722409 -57.09195518207102
-1.5317725752508362 -57.12531577022834
-1.5183946488294313 -57.157076147748384
-1.5050167224080266 -57.18722760844254
-1.491638795986622 -57.2157618871602
-1.4782608695652173 -57.2426711620544
-1.4648829431438126 -57.267948056725956
-1.451505016722408 -57.291585642245515
-1.4381270903010033 -57.31357743905287
-1.4247491638795986 -57.3339174187332
-1.411371237458194 -57.352600005669544
-1.3979933110367893 -57.36962007857122
-1.3846153846153846 -57.38497297187765
-1.37123745819398 -57.39865447703733
-1.3578595317725752 -57.41066084366146
-1.3444816053511706 -57.42098878055199
-1.3311036789297659 -57.42963545660382
-1.3177257525083612 -57.43659850158088
-1.3043478260869565 -57.441876006765845
-1.2909698996655519 -57.445466525483354
-1.2775919732441472 -57.44736907349659
-1.2642140468227425 -57.44758312927704
-1.2508361204013378 -57.44610863414753
-1.2374581939799332 -57.44294599229821
-1.2240802675585285 -57.43809607067587
-1.2107023411371238 -57.43156019874619
-1.1973244147157192 -57.42334016812937
-1.1839464882943145 -57.41343823210898
-1.1705685618729098 -57.4018571050143
-1.1571906354515051 -57.38859996147626
-1.1438127090301005 -57.37367043555721
-1.1304347826086958 -57.35707261975474
-1.1170568561872911 -57.338811063879845
-1.1036789297658864 -57.31889077380973
-1.0903010033444818 -57.29731721011559
-1.076923076923077 -57.27409628656574
-1.0635451505016724 -57.24923436850456
-1.0501672240802675 -57.22273827110757
-1.0367892976588629 -57.194615257513306
-1.0234113712374582 -57.16487303683229
-1.0100334448160535 -57.13351976203382
-0.9966555183946488 -57.10056402771108
-0.9832775919732442 -57.06601486772516
-0.9698996655518395 -57.029881752728706
-0.9565217391304348 -56.99217458756979
-0.9431438127090301 -56.952903708576805
-0.9297658862876255 -56.91207988072505
-0.9163879598662208 -56.86971429468582
-0.9030100334448161 -56.82581856375882
-0.8896321070234114 -56.78040472068869
-0.8762541806020068 -56.73348521436662
-0.8628762541806021 -56.68507290641777
-0.8494983277591974 -56.63518106767574
-0.8361204013377928 -56.583823374544636
-0.8227424749163881 -56.53101390525017
-0.8093645484949834 -56.476767135980474
-0.7959866220735785 -56.421097936917874
-0.7826086956521738 -56.36402156816269
-0.7692307692307692 -56.3055536755501
-0.7558528428093645 -56.24571028636126
-0.7424749163879598 -56.18450780492996
-0.7290969899665551 -56.12196300814576
-0.7157190635451505 -56.058093040855184
-0.7023411371237458 -55.99291541116188
-0.6889632107023411 -55.92644798562733
-0.6755852842809364 -55.8587089843732
-0.6622073578595318 -55.789716976086886
-0.6488294314381271 -55.719490872931395
-0.6354515050167224 -55.64804992536113
-0.6220735785953178 -55.57541371684495
-0.6086956521739131 -55.50160215849793
-0.5953177257525084 -55.42663548362328
-0.5819397993311037 -55.35053424216599
-0.5685618729096991 -55.273319295079666
-0.5551839464882944 -55.19501180860808
-0.5418060200668897 -55.115633248483064
-0.528428093645485 -55.035205374040316
-0.5150501672240804 -54.953750232254684
-0.5016722408026757 -54.87129015169664
-0.488294314381271 -54.78784773641155
-0.47491638795986635 -54.70344585972343
-0.4615384615384617 -54.61810765796486
-0.4481605351170568 -54.531856524134874
-0.4347826086956521 -54.4447161014864
-0.42140468227424743 -54.35671027704518
-0.40802675585284276 -54.26786317506181
-0.3946488294314381 -54.17819915039879
-0.3812709030100334 -54.087742781854345
-0.36789297658862874 -53.99651886542483
-0.35451505016722407 -53.90455240750767
-0.3411371237458194 -53.81186861804654
-0.3277591973244147 -53.71849290362081
-0.31438127090301005 -53.624450860481055
-0.3010033444816054 -53.5297682675326
-0.2876254180602007 -53.43447107926896
-0.274247491638796 -53.338585418657175
-0.26086956521739135 -53.24213756997695
-0.24749163879598668 -53.14515397161559
-0.234113712374582 -53.04766120882068
-0.22073578595317733 -52.94968600641248
-0.20735785953177266 -52.85125522145814
-0.19397993311036799 -52.75239583590957
-0.1806020066889633 -52.65313494920713
-0.16722408026755864 -52.55349977085111
-0.15384615384615397 -52.453517612943045
-0.1404682274247493 -52.35321588269884
-0.12709030100334462 -52.252622074935935
-0.11371237458193972 -52.15176376453637
-0.10033444816053505 -52.05066859888792
-0.08695652173913038 -51.94936429030537
-0.0735785953177257 -51.847878608434016
-0.06020066889632103 -51.74623937263737
-0.04682274247491636 -51.644474444371305
-0.03344481605351168 -51.54261171954668
-0.02006688963210701 -51.440679120882415
-0.006688963210702337 -51.338704590251346
0.006688963210702337 -51.236716081020724
0.02006688963210701 -51.134741550389656
0.03344481605351168 -51.03280895172539
0.04682274247491636 -50.930946226900765
0.06020066889632103 -50.8291812986347
0.0735785953177257 -50.727542062838054
0.08695652173913038 -50.6260563809667
0.10033444816053505 -50.52475207238415
0.11371237458193972 -50.4236569067357
0.1270903010033444 -50.322798596336135
0.14046822742474907 -50.22220478857323
0.15384615384615374 -50.121903058329025
0.16722408026755842 -50.02192090042096
0.1806020066889631 -49.92228572206494
0.19397993311036776 -49.82302483536251
0.20735785953177244 -49.72416544981394
0.2207357859531771 -49.62573466485959
0.23411371237458178 -49.5277594624514
0.24749163879598646 -49.43026669965648
0.26086956521739113 -49.33328310129512
0.2742474916387958 -49.236835252614895
0.2876254180602005 -49.14094959200311
0.30100334448160515 -49.04565240373947
0.3143812709030098 -48.950969810791015
0.3277591973244145 -48.856927767651264
0.34113712374581917 -48.76355205322553
0.35451505016722384 -48.670868263764405
0.3678929765886285 -48.57890180584724
0.3812709030100332 -48.487677889417725
0.39464882943143786 -48.39722152087328
0.408026755852843 -48.30755749621026
0.42140468227424766 -48.21871039422689
0.43478260869565233 -48.13070456978567
0.448160535117057 -48.0435641471372
0.4615384615384617 -47.95731301330721
0.47491638795986635 -47.87197481154864
0.488294314381271 -47.78757293486052
0.5016722408026757 -47.70413051957543
0.5150501672240804 -47.621670439017386
0.528428093645485 -47.540215297231754
0.5418060200668897 -47.459787422789006
0.5551839464882944 -47.38040886266399
0.5685618729096991 -47.302101376192404
0.5819397993311037 -47.22488642910608
0.5953177257525084 -47.14878518764879
0.6086956521739131 -47.07381851277414
0.6220735785953178 -47.00000695442712
0.6354515050167224 -46.92737074591094
0.6488294314381271 -46.855929798340675
0.6622073578595318 -46.785703695185184
0.6755852842809364 -46.71671168689887
0.6889632107023411 -46.64897268564474
0.7023411371237458 -46.58250526011019
0.7157190635451505 -46.51732763041689
0.7290969899665551 -46.45345766312631
0.7424749163879598 -46.39091286634211
0.7558528428093645 -46.32971038491081
0.7692307692307692 -46.26986699572197
0.7826086956521738 -46.21139910310938
0.7959866220735785 -46.154322734354196
0.8093645484949832 -46.0986535352916
0.8227424749163879 -46.0444067660219
0.8361204013377925 -45.991597296727434
0.8494983277591972 -45.94023960359633
0.8628762541806019 -45.8903477648543
0.8762541806020065 -45.84193545690545
0.8896321070234112 -45.79501595058338
0.9030100334448159 -45.74960210751325
0.9163879598662206 -45.70570637658625
0.9297658862876252 -45.663340790547025
0.9431438127090299 -45.622516962695265
0.9565217391304346 -45.583246083702285
0.9698996655518393 -45.545538918543365
0.9832775919732439 -45.50940580354691
0.9966555183946486 -45.47485664356099
1.0100334448160533 -45.44190090923825
1.023411371237458 -45.41054763443978
1.0367892976588626 -45.380805413758765
1.0501672240802673 -45.3526824001645
1.063545150501672 -45.32618630276752
1.0769230769230766 -45.301324384706334
1.0903010033444818 -45.27810346115648
1.1036789297658864 -45.25652989746234
1.1170568561872911 -45.236609607392225
1.1304347826086958 -45.21834805151733
1.1438127090301005 -45.20175023571486
1.1571906354515051 -45.18682070979581
1.1705685618729098 -45.17356356625777
1.1839464882943145 -45.16198243916309
1.1973244147157192 -45.1520805031427
1.2107023411371238 -45.14386047252588
1.2240802675585285 -45.1373246005962
1.2374581939799332 -45.13247467897386
1.2508361204013378 -45.12931203712454
1.2642140468227425 -45.12783754199503
1.2775919732441472 -45.12805159777548
1.2909698996655519 -45.129954145788716
1.3043478260869565 -45.133544664506225
1.3177257525083612 -45.13882216969119
1.3311036789297659 -45.14578521466825
1.3444816053511706 -45.15443189072008
1.3578595317725752 -45.16475982761061
1.37123745819398 -45.17676619423474
1.3846153846153846 -45.19044769939442
1.3979933110367893 -45.205800592700854
1.411371237458194 -45.222820665602526
1.4247491638795986 -45.24150325253887
1.4381270903010033 -45.2618432322192
1.451505016722408 -45.283835029026555
1.4648829431438126 -45.307472614546114
1.4782608695652173 -45.33274950921767
1.491638795986622 -45.35965878411187
1.5050167224080266 -45.38819306282953
1.5183946488294313 -45.418344523523686
1.531772575250836 -45.45010490104373
1.5451505016722407 -45.48346548920105
1.5585284280936453 -45.51841714315559
1.57190635451505 -45.55495028192262
1.5852842809364547 -45.593054890999134
1.5986622073578594 -45.63272052510898
1.612040133779264 -45.673936311066164
1.6254180602006687 -45.71669095075542
1.6387959866220734 -45.76097272422925
1.652173913043478 -45.80676949292061
1.6655518394648827 -45.85406870297033
1.6789297658862874 -45.902857388668444
1.692307692307692 -45.953122176008314
1.7056856187290967 -46.00484928635274
1.7190635451505014 -46.05802454021097
1.732441471571906 -46.11263336112564
1.7458193979933108 -46.16866077966841
1.7591973244147154 -46.22609143754347
1.7725752508361206 -46.28490959179753
1.7859531772575252 -46.34509911913533
1.79933110367893 -46.40664352033933
1.8127090301003346 -46.46952592479255
1.8260869565217392 -46.5337290951031
1.839464882943144 -46.59923543182935
1.8528428093645486 -46.666026978304316
1.8662207357859533 -46.734085425557936
1.879598662207358 -46.80339211733593
1.8929765886287626 -46.873928055213945
1.9063545150501673 -46.94567390380533
1.919732441471572 -47.01860999606143
1.9331103678929766 -47.092716338662726
1.9464882943143813 -47.167972617499444
1.959866220735786 -47.244358203240026
1.9732441471571907 -47.32185215698612
1.9866220735785953 -47.40043323601235
2.0 -47.48007989958939
2.0 -47.48007989958939
2.0066889632107023 -47.519955729369535
2.0133779264214047 -47.559413955123404
2.020066889632107 -47.59845895025523
2.0267558528428093 -47.637095042368294
2.0334448160535117 -47.67532651374456
2.040133779264214 -47.71315760181934
2.0468227424749164 -47.750592499650914
2.0535117056856187 -47.78763535638532
2.060200668896321 -47.8242902777162
2.0668896321070234 -47.86056132633985
2.0735785953177257 -47.89645252240555
2.080267558528428 -47.93196784396112
2.0869565217391304 -47.96711122739382
2.0936454849498327 -48.001886567866684
2.100334448160535 -48.0362977197502
2.1070234113712374 -48.07034849704956
2.1137123745819397 -48.10404267382734
2.120401337792642 -48.137383984621835
2.1270903010033444 -48.170376124860994
2.1337792642140467 -48.20302275127197
2.140468227424749 -48.23532748228644
2.1471571906354514 -48.26729389844168
2.1538461538461537 -48.29892554277735
2.160535117056856 -48.33022592122827
2.1672240802675584 -48.361198503012965
2.1739130434782608 -48.39184672101818
2.180602006688963 -48.42217397217938
2.1872909698996654 -48.452183617857244
2.1939799331103678 -48.48187898421023
2.20066889632107 -48.51126336256324
2.2073578595317724 -48.540340009772414
2.2140468227424748 -48.5691121485861
2.220735785953177 -48.597582968002065
2.2274247491638794 -48.62575562362094
2.234113712374582 -48.653633237995976
2.240802675585284 -48.68121890097915
2.2474916387959865 -48.70851567006362
2.254180602006689 -48.73552657072261
2.260869565217391 -48.762254596744754
2.2675585284280935 -48.788702710565865
2.274247491638796 -48.81487384359737
2.280936454849498 -48.840770896551135
2.2876254180602005 -48.86639673976101
2.294314381270903 -48.891754213500946
2.3010033444816056 -48.91684612829984
2.3076923076923075 -48.94167526525298
2.3143812709030103 -48.966244376330366
2.321070234113712 -48.990556184681644
2.327759197324415 -49.01461338493801
2.334448160535117 -49.038418643510816
2.3411371237458196 -49.06197459888715
2.3478260869565215 -49.08528386192223
2.3545150501672243 -49.10834901612881
2.361204013377926 -49.13117261796353
2.367892976588629 -49.15375719711025
2.374581939799331 -49.176105256760444
2.3812709030100336 -49.19821927389062
2.387959866220736 -49.2201016995369
2.3946488294314383 -49.24175495906664
2.4013377926421406 -49.26318145244727
2.408026755852843 -49.28438355451231
2.4147157190635453 -49.305363615224564
2.4214046822742477 -49.326123959936595
2.42809364548495 -49.34666688964845
2.4347826086956523 -49.36699468126271
2.4414715719063547 -49.38710958783683
2.448160535117057 -49.407013838832874
2.4548494983277593 -49.42670964036463
2.4615384615384617 -49.446199175442096
2.468227424749164 -49.46548460421348
2.4749163879598663 -49.48456806420458
2.4816053511705687 -49.503451670555734
2.488294314381271 -49.52213751625623
2.4949832775919734 -49.5406276723763
2.5016722408026757 -49.558924188296665
2.508361204013378 -49.57702909193567
2.5150501672240804 -49.594944389974074
2.5217391304347827 -49.61267206807745
2.528428093645485 -49.63021409111625
2.5351170568561874 -49.64757240338364
2.5418060200668897 -49.66474892881092
2.548494983277592 -49.68174557118084
2.5551839464882944 -49.69856421433855
2.5618729096989967 -49.71520672240045
2.568561872909699 -49.731674939960755
2.5752508361204014 -49.747970692295965
2.5819397993311037 -49.76409578556718
2.588628762541806 -49.78005200702027
2.5953177257525084 -49.79584112518398
2.6020066889632107 -49.81146489006595
2.608695652173913 -49.82692503334666
2.6153846153846154 -49.842223268571374
2.6220735785953178 -49.85736129134007
2.62876254180602 -49.872340779495374
2.6354515050167224 -49.88716339330851
2.6421404682274248 -49.901830775663335
2.648829431438127 -49.916344552238414
2.6555183946488294 -49.93070633168722
2.6622073578595318 -49.94491770581643
2.668896321070234 -49.95898024976235
2.6755852842809364 -49.97289552216549
2.682274247491639 -49.98666506534332
2.688963210702341 -50.00029040546123
2.6956521739130435 -50.01377305270167
2.702341137123746 -50.02711450143156
2.709030100334448 -50.04031623036786
2.7157190635451505 -50.05337970274152
2.722408026755853 -50.06630636645966
2.729096989966555 -50.07909765426601
2.7357859531772575 -50.091754983899726
2.74247491638796 -50.10427975825257
2.749163879598662 -50.11667336552433
2.7558528428093645 -50.128937179376734
2.762541806020067 -50.141072559085686
2.769230769230769 -50.153080849691925
2.7759197324414715 -50.16496338215009
2.782608695652174 -50.17672147347627
2.789297658862876 -50.18835642689395
2.7959866220735785 -50.19986953197844
2.802675585284281 -50.211262064799875
2.809364548494983 -50.22253528806456
2.8160535117056855 -50.233690451255015
2.822742474916388 -50.24472879076836
2.82943143812709 -50.25565153005347
2.8361204013377925 -50.26645987974647
2.842809364548495 -50.277155037804995
2.849498327759197 -50.287738189640905
2.8561872909698995 -50.29821050825174
2.862876254180602 -50.30857315435067
2.869565217391304 -50.31882727649517
2.8762541806020065 -50.32897401121433
2.882943143812709 -50.339014483134804
2.8896321070234112 -50.348949805105484
2.8963210702341136 -50.3587810783208
2.903010033444816 -50.36850939244284
2.9096989966555182 -50.37813582572206
2.9163879598662206 -50.38766144511682
2.923076923076923 -50.39708730641165
2.9297658862876252 -50.406414454334254
2.9364548494983276 -50.415643922671315
2.94314381270903 -50.42477673438307
2.9498327759197327 -50.43381390171669
2.9565217391304346 -50.442756426318475
2.9632107023411374 -50.45160529934487
2.9698996655518393 -50.46036150157233
2.976588628762542 -50.46902600350602
2.983277591973244 -50.4775997654874
2.9899665551839467 -50.4860837378006
2.9966555183946486 -50.494478860777846
3.0033444816053514 -50.50278606490361
3.0100334448160533 -50.511006270917754
3.016722408026756 -50.5191403899176
3.023411371237458 -50.527189323458906
3.0301003344481607 -50.53515396365579
3.0367892976588626 -50.543035193279586
3.0434782608695654 -50.55083388585673
3.0501672240802673 -50.55855090576555
3.05685618729097 -50.56618710833207
3.063545150501672 -50.573743339924825
3.0702341137123748 -50.58122043804866
3.0769230769230766 -50.588619231437555
3.0836120401337794 -50.59594054014649
3.0903010033444813 -50.60318517564232
3.096989966555184 -50.61035394089373
3.103678929765886 -50.61744763046022
3.1103678929765888 -50.624467030580185
3.1170568561872907 -50.63141291925805
3.1237458193979935 -50.638286066350496
3.1304347826086953 -50.64508723365181
3.137123745819398 -50.65181717497829
3.1438127090301 -50.65847663625181
3.150501672240803 -50.66506635558251
3.1571906354515047 -50.67158706335057
3.1638795986622075 -50.678039482287204
3.1705685618729094 -50.68442432755472
3.177257525083612 -50.69074230682583
3.183946488294314 -50.69699412036206
3.190635451505017 -50.703180461091364
3.1973244147157187 -50.70930201468492
3.2040133779264215 -50.715359459633184
3.210702341137124 -50.721353467320995
3.217391304347826 -50.72728470210207
3.2240802675585285 -50.73315382137259
3.230769230769231 -50.738961475644096
3.237458193979933 -50.74470830861558
3.2441471571906355 -50.7503949572448
3.250836120401338 -50.75602205181894
3.25752508361204 -50.76159021602439
3.2642140468227425 -50.767100067015946
3.270903010033445 -50.77255221548518
3.277591973244147 -50.77794726572811
3.2842809364548495 -50.78328581571222
3.290969899665552 -50.7885684571427
3.297658862876254 -50.79379577552805
3.3043478260869565 -50.79896835024495
3.311036789297659 -50.804086754602515
3.317725752508361 -50.80915155590581
3.3244147157190636 -50.814163315518734
3.331103678929766 -50.819122588926234
3.3377926421404682 -50.8240299257959
3.3444816053511706 -50.82888587003884
3.351170568561873 -50.83369095987001
3.3578595317725752 -50.83844572786786
3.3645484949832776 -50.84315070103332
3.37123745819398 -50.847806400848285
3.3779264214046822 -50.85241334333334
3.3846153846153846 -50.856972039105
3.391304347826087 -50.86148299343231
3.3979933110367893 -50.865946706292796
3.4046822742474916 -50.870363672427935
3.411371237458194 -50.874734381397964
3.4180602006688963 -50.879059317636155
3.4247491638795986 -50.883338960502485
3.431438127090301 -50.88757378433679
3.4381270903010033 -50.89176425851132
3.4448160535117056 -50.89591084748279
3.451505016722408 -50.900014010843826
3.4581939799331103 -50.904074203373916
3.4648829431438126 -50.908091875089845
3.471571906354515 -50.912067471295515
3.4782608695652173 -50.91600143263135
3.4849498327759196 -50.91989419512313
3.491638795986622 -50.923746190230275
3.4983277591973243 -50.92755784489373
3.5050167224080266 -50.93132958158324
3.511705685618729 -50.93506181834419
3.5183946488294313 -50.93875496884394
3.5250836120401337 -50.94240944241767
3.531772575250836 -50.94602564411376
3.5384615384615383 -50.949603974738665
3.545150501672241 -50.95314483090136
3.551839464882943 -50.956648605057275
3.558528428093646 -50.96011568555183
3.5652173913043477 -50.96354645666342
3.5719063545150505 -50.9669412986461
3.5785953177257523 -50.970300587771604
3.585284280936455 -50.97362469637116
3.591973244147157 -50.97691399287671
3.59866220735786 -50.98016884186175
3.6053511705685617 -50.98338960408173
3.6120401337792645 -50.986576636514066
3.6187290969899664 -50.989730292397674
3.625418060200669 -50.992850921272144
3.632107023411371 -50.99593886901648
3.638795986622074 -50.998994477887415
3.6454849498327757 -51.00201808655737
3.6521739130434785 -51.00501003015198
3.6588628762541804 -51.00797064028723
3.665551839464883 -51.01090024510625
3.672240802675585 -51.013799169315625
3.678929765886288 -51.016667734221414
3.6856187290969897 -51.01950625776479
3.6923076923076925 -51.02231505455722
3.6989966555183944 -51.02509443591539
3.705685618729097 -51.02784470989568
3.712374581939799 -51.03056618132832
3.719063545150502 -51.033259151851155
3.7257525083612038 -51.035923919943116
3.7324414715719065 -51.03856078095727
3.7391304347826084 -51.04117002715357
3.745819397993311 -51.04375194773124
3.752508361204013 -51.046306828860835
3.759197324414716 -51.04883495371596
3.7658862876254178 -51.05133660250465
3.7725752508361206 -51.053812052500426
3.7792642140468224 -51.05626157807305
3.7859531772575252 -51.05868545071889
3.792642140468227 -51.061083939091056
3.79933110367893 -51.06345730902916
3.806020066889632 -51.06580582358877
3.8127090301003346 -51.06812974307057
3.8193979933110365 -51.07042932504924
3.8260869565217392 -51.07270482440196
3.832775919732441 -51.074956493336686
3.839464882943144 -51.0771845814201
3.846153846153846 -51.07938933560527
3.8528428093645486 -51.08157100025902
3.8595317725752505 -51.08372981718901
3.8662207357859533 -51.08586602567055
3.872909698996655 -51.08797986247311
3.879598662207358 -51.090071561886575
3.8862876254180603 -51.09214135574718
3.8929765886287626 -51.09418947346325
3.899665551839465 -51.0962161420406
3.9063545150501673 -51.098221586107705
3.9130434782608696 -51.10020602794059
3.919732441471572 -51.10216968748746
3.9264214046822743 -51.10411278239311
3.9331103678929766 -51.10603552802301
3.939799331103679 -51.10793813748718
3.9464882943143813 -51.10982082166386
3.9531772575250836 -51.111683789222816
3.959866220735786 -51.11352724664849
3.9665551839464883 -51.115351398262916
3.9732441471571907 -51.11715644624832
3.979933110367893 -51.11894259066958
3.9866220735785953 -51.12071002949636
3.9933110367892977 -51.12245895862504
4.0 -51.12418957190049
