-4.0 -74.83440931971583
-3.9933110367892977 -74.83384759170974
-3.9866220735785953 -74.83327867249997
-3.979933110367893 -74.83270247002518
-3.9732441471571907 -74.83211889104555
-3.9665551839464883 -74.83152784112754
-3.959866220735786 -74.83092922462872
-3.9531772575250836 -74.83032294468222
-3.9464882943143813 -74.82970890318111
-3.939799331103679 -74.82908700076251
-3.9331103678929766 -74.82845713679149
-3.9264214046822743 -74.82781920934477
-3.919732441471572 -74.8271731151943
-3.9130434782608696 -74.8265187497905
-3.9063545150501673 -74.82585600724535
-3.899665551839465 -74.82518478031524
-3.8929765886287626 -74.82450496038366
-3.8862876254180603 -74.8238164374436
-3.879598662207358 -74.82311910007972
-3.8729096989966556 -74.8224128354504
-3.8662207357859533 -74.82169752926934
-3.859531772575251 -74.82097306578726
-3.8528428093645486 -74.82023932777298
-3.8461538461538463 -74.8194961964946
-3.839464882943144 -74.81874355170017
-3.8327759197324416 -74.81798127159831
-3.8260869565217392 -74.8172092328385
-3.819397993311037 -74.81642731049102
-3.8127090301003346 -74.81563537802687
-3.8060200668896322 -74.81483330729723
-3.79933110367893 -74.81402096851271
-3.7926421404682276 -74.81319823022235
-3.7859531772575252 -74.81236495929241
-3.779264214046823 -74.81152102088475
-3.7725752508361206 -74.81066627843504
-3.765886287625418 -74.80980059363067
-3.759197324414716 -74.80892382638835
-3.7525083612040135 -74.80803583483149
-3.745819397993311 -74.80713647526716
-3.739130434782609 -74.80622560216291
-3.7324414715719065 -74.80530306812318
-3.725752508361204 -74.80436872386547
-3.719063545150502 -74.80342241819616
-3.7123745819397995 -74.80246399798611
-3.705685618729097 -74.80149330814575
-3.6989966555183944 -74.80051019160015
-3.6923076923076925 -74.79951448926344
-3.6856187290969897 -74.7985060400132
-3.678929765886288 -74.7974846806643
-3.672240802675585 -74.79645024594254
-3.665551839464883 -74.79540256845787
-3.6588628762541804 -74.79434147867738
-3.6521739130434785 -74.79326680489774
-3.6454849498327757 -74.79217837321752
-3.638795986622074 -74.79107600750903
-3.632107023411371 -74.78995952938978
-3.625418060200669 -74.78882875819363
-3.6187290969899664 -74.7876835109416
-3.612040133779264 -74.78652360231222
-3.6053511705685617 -74.78534884461152
-3.5986622073578594 -74.78415904774269
-3.591973244147157 -74.78295401917534
-3.5852842809364547 -74.7817335639143
-3.5785953177257523 -74.78049748446809
-3.57190635451505 -74.77924558081693
-3.5652173913043477 -74.77797765038046
-3.5585284280936453 -74.77669348798484
-3.551839464882943 -74.77539288582966
-3.5451505016722407 -74.77407563345422
-3.5384615384615383 -74.77274151770352
-3.531772575250836 -74.7713903226938
-3.5250836120401337 -74.77002182977755
-3.5183946488294313 -74.76863581750813
-3.511705685618729 -74.76723206160398
-3.5050167224080266 -74.7658103349123
-3.4983277591973243 -74.7643704073723
-3.491638795986622 -74.76291204597793
-3.4849498327759196 -74.76143501474027
-3.4782608695652173 -74.75993907464925
-3.471571906354515 -74.75842398363501
-3.4648829431438126 -74.75688949652874
-3.4581939799331103 -74.75533536502299
-3.451505016722408 -74.75376133763149
-3.4448160535117056 -74.75216715964847
-3.4381270903010033 -74.75055257310743
-3.431438127090301 -74.74891731673938
-3.4247491638795986 -74.74726112593063
-3.4180602006688963 -74.74558373267989
-3.411371237458194 -74.74388486555492
-3.4046822742474916 -74.74216424964867
-3.3979933110367893 -74.74042160653471
-3.391304347826087 -74.73865665422221
-3.3846153846153846 -74.73686910711037
-3.3779264214046822 -74.73505867594207
-3.37123745819398 -74.73322506775719
-3.3645484949832776 -74.73136798584514
-3.3578595317725752 -74.72948712969686
-3.351170568561873 -74.7275821949562
-3.3444816053511706 -74.72565287337066
-3.3377926421404682 -74.72369885274152
-3.331103678929766 -74.72171981687329
-3.3244147157190636 -74.71971544552258
-3.317725752508361 -74.71768541434628
-3.311036789297659 -74.71562939484905
-3.3043478260869565 -74.71354705433016
-3.297658862876254 -74.7114380558297
-3.290969899665552 -74.709302058074
-3.2842809364548495 -74.70713871542043
-3.277591973244147 -74.70494767780146
-3.270903010033445 -74.70272859066803
-3.2642140468227425 -74.70048109493219
-3.25752508361204 -74.6982048269089
-3.250836120401338 -74.69589941825734
-3.2441471571906355 -74.69356449592115
-3.237458193979933 -74.69119968206816
-3.230769230769231 -74.68880459402918
-3.2240802675585285 -74.68637884423616
-3.217391304347826 -74.68392204015942
-3.210702341137124 -74.68143378424412
-3.2040133779264215 -74.67891367384595
-3.197324414715719 -74.67636130116603
-3.190635451505017 -74.6737762531848
-3.1839464882943145 -74.67115811159528
-3.177257525083612 -74.66850645273533
-3.17056856187291 -74.66582084751916
-3.1638795986622075 -74.66310086136782
-3.157190635451505 -74.66034605413893
-3.150501672240803 -74.6575559800554
-3.1438127090301005 -74.65473018763339
-3.137123745819398 -74.65186821960914
-3.130434782608696 -74.64896961286506
-3.1237458193979935 -74.64603389835474
-3.117056856187291 -74.6430606010271
-3.1103678929765888 -74.64004923974947
-3.1036789297658864 -74.63699932722973
-3.096989966555184 -74.63391036993754
-3.0903010033444818 -74.63078186802434
-3.0836120401337794 -74.62761331524263
-3.076923076923077 -74.62440419886387
-3.0702341137123748 -74.62115399959568
-3.0635451505016724 -74.6178621914977
-3.05685618729097 -74.61452824189652
-3.0501672240802673 -74.61115161129949
-3.0434782608695654 -74.60773175330739
-3.0367892976588626 -74.60426811452608
-3.0301003344481607 -74.60076013447686
-3.023411371237458 -74.59720724550584
-3.016722408026756 -74.59360887269206
-3.0100334448160533 -74.58996443375445
-3.0033444816053514 -74.58627333895764
-2.9966555183946486 -74.5825349910165
-2.9899665551839467 -74.57874878499948
-2.983277591973244 -74.57491410823076
-2.976588628762542 -74.57103034019107
-2.9698996655518393 -74.56709685241731
-2.9632107023411374 -74.56311300840082
-2.9565217391304346 -74.5590781634844
-2.9498327759197327 -74.55499166475802
-2.94314381270903 -74.55085285095312
-2.936454849498328 -74.54666105233561
-2.9297658862876252 -74.54241559059754
-2.9230769230769234 -74.53811577874728
-2.9163879598662206 -74.5337609209984
-2.9096989966555187 -74.52935031265707
-2.903010033444816 -74.52488324000797
-2.896321070234114 -74.52035898019889
-2.8896321070234112 -74.5157768011237
-2.8829431438127093 -74.5111359613039
-2.8762541806020065 -74.50643570976864
-2.8695652173913047 -74.50167528593316
-2.862876254180602 -74.49685391947578
-2.8561872909699 -74.4919708302132
-2.849498327759197 -74.48702522797429
-2.8428093645484953 -74.48201631247214
-2.8361204013377925 -74.4769432731747
-2.8294314381270906 -74.4718052891735
-2.822742474916388 -74.46660152905085
-2.816053511705686 -74.46133115074534
-2.809364548494983 -74.4559933014155
-2.8026755852842813 -74.45058711730191
-2.7959866220735785 -74.44511172358727
-2.789297658862876 -74.43956623425503
-2.782608695652174 -74.43394975194582
-2.7759197324414715 -74.42826136781241
-2.769230769230769 -74.42250016137253
-2.762541806020067 -74.41666520035997
-2.7558528428093645 -74.41075554057372
-2.749163879598662 -74.40477022572516
-2.74247491638796 -74.39870828728331
-2.7357859531772575 -74.39256874431818
-2.729096989966555 -74.38635060334192
-2.722408026755853 -74.38005285814816
-2.7157190635451505 -74.3736744896491
-2.709030100334448 -74.36721446571072
-2.702341137123746 -74.36067174098558
-2.6956521739130435 -74.35404525674389
-2.688963210702341 -74.347333940702
-2.682274247491639 -74.34053670684898
-2.6755852842809364 -74.33365245527087
-2.668896321070234 -74.32668007197265
-2.6622073578595318 -74.31961842869806
-2.6555183946488294 -74.31246638274696
-2.648829431438127 -74.30522277679044
-2.6421404682274248 -74.29788643868353
-2.6354515050167224 -74.29045618127556
-2.62876254180602 -74.28293080221802
-2.6220735785953178 -74.27530908377005
-2.6153846153846154 -74.26758979260131
-2.608695652173913 -74.25977167959249
-2.6020066889632107 -74.25185347963311
-2.5953177257525084 -74.24383391141683
-2.588628762541806 -74.23571167723415
-2.5819397993311037 -74.22748546276233
-2.5752508361204014 -74.2191539368528
-2.568561872909699 -74.21071575131572
-2.5618729096989967 -74.20216954070177
-2.5551839464882944 -74.19351392208128
-2.548494983277592 -74.1847474948204
-2.5418060200668897 -74.17586884035445
-2.5351170568561874 -74.16687652195841
-2.528428093645485 -74.15776908451436
-2.5217391304347827 -74.1485450542761
-2.5150501672240804 -74.1392029386306
-2.508361204013378 -74.12974122585653
-2.5016722408026757 -74.12015838487959
-2.4949832775919734 -74.11045286502475
-2.488294314381271 -74.1006230957654
-2.4816053511705687 -74.0906674864691
-2.4749163879598663 -74.08058442614026
-2.468227424749164 -74.07037228315944
-2.4615384615384617 -74.06002940501934
-2.454849498327759 -74.04955411805732
-2.448160535117057 -74.03894472718466
-2.441471571906354 -74.02819951561222
-2.4347826086956523 -74.01731674457267
-2.4280936454849495 -74.00629465303905
-2.4214046822742477 -73.9951314574399
-2.414715719063545 -73.98382535137057
-2.408026755852843 -73.97237450530093
-2.40133779264214 -73.96077706627938
-2.3946488294314383 -73.94903115763292
-2.3879598662207355 -73.93713487866349
-2.3812709030100336 -73.92508630434048
-2.374581939799331 -73.91288348498914
-2.367892976588629 -73.90052444597511
-2.361204013377926 -73.8880071873849
-2.3545150501672243 -73.87532968370226
-2.3478260869565215 -73.86248988348044
-2.3411371237458196 -73.84948570901018
-2.334448160535117 -73.83631505598355
-2.327759197324415 -73.82297579315339
-2.321070234113712 -73.80946576198848
-2.3143812709030103 -73.79578277632423
-2.3076923076923075 -73.78192462200892
-2.3010033444816056 -73.76788905654537
-2.294314381270903 -73.75367380872817
-2.287625418060201 -73.73927657827603
-2.280936454849498 -73.72469503545966
-2.2742474916387962 -73.70992682072473
-2.2675585284280935 -73.69496954431004
-2.2608695652173916 -73.67982078586083
-2.254180602006689 -73.66447809403711
-2.247491638795987 -73.64893898611705
-2.240802675585284 -73.63320094759514
-2.2341137123745822 -73.61726143177538
-2.2274247491638794 -73.60111785935908
-2.2207357859531776 -73.5847676180276
-2.2140468227424748 -73.56820806201955
-2.207357859531773 -73.55143651170269
-2.20066889632107 -73.53445025314032
-2.193979933110368 -73.5172465376521
-2.1872909698996654 -73.49982258136924
-2.1806020066889635 -73.4821755647841
-2.1739130434782608 -73.46430263229387
-2.167224080267559 -73.4462008917385
-2.160535117056856 -73.42786741393273
-2.153846153846154 -73.40929923219205
-2.1471571906354514 -73.39049334185268
-2.1404682274247495 -73.37144669978528
-2.1337792642140467 -73.35215622390264
-2.127090301003345 -73.33261879266085
-2.120401337792642 -73.31283124455422
-2.1137123745819397 -73.29279037760367
-2.1070234113712374 -73.27249294883859
-2.100334448160535 -73.25193567377211
-2.0936454849498327 -73.23111522586956
-2.0869565217391304 -73.2100282360102
-2.080267558528428 -73.18867129194207
-2.0735785953177257 -73.16704093772974
-2.0668896321070234 -73.14513367319515
-2.060200668896321 -73.12294595335122
-2.0535117056856187 -73.10047418782817
-2.0468227424749164 -73.07771474029254
-2.040133779264214 -73.0546639278588
-2.0334448160535117 -73.03131802049334
-2.0267558528428093 -73.00767324041095
-2.020066889632107 -72.98372576146345
-2.0133779264214047 -72.95947170852055
-2.0066889632107023 -72.93490715684285
-2.0 -72.9100281314467
-2.0 -72.9100281314467
-1.9866220735785953 -72.86002260860299
-1.9732441471571907 -72.81015877863194
-1.959866220735786 -72.76044014223791
-1.9464882943143813 -72.71087018993182
-1.9331103678929766 -72.66145240178625
-1.919732441471572 -72.61219024719102
-1.9063545150501673 -72.56308718460964
-1.8929765886287626 -72.51414666133657
-1.879598662207358 -72.46537211325509
-1.8662207357859533 -72.41676696459618
-1.8528428093645486 -72.36833462769809
-1.839464882943144 -72.32007850276676
-1.8260869565217392 -72.2720019776371
-1.8127090301003346 -72.22410842753521
-1.7993311036789297 -72.17640121484135
-1.785953177257525 -72.12888368885389
-1.7725752508361203 -72.08155918555423
-1.7591973244147157 -72.03443102737252
-1.745819397993311 -71.98750252295447
-1.7324414715719063 -71.94077696692906
-1.7190635451505016 -71.89425763967716
-1.705685618729097 -71.84794780710136
-1.6923076923076923 -71.80185072039657
-1.6789297658862876 -71.75596961582181
-1.665551839464883 -71.71030771447306
-1.6521739130434783 -71.66486822205704
-1.6387959866220736 -71.61965432866619
-1.625418060200669 -71.5746692085547
-1.6120401337792643 -71.5299160199157
-1.5986622073578596 -71.48539790465948
-1.585284280936455 -71.44111798819294
-1.5719063545150502 -71.39707937920016
-1.5585284280936456 -71.35328516942418
-1.5451505016722409 -71.30973843344991
-1.5317725752508362 -71.26644222848829
-1.5183946488294313 -71.22339959416165
-1.5050167224080266 -71.18061355229034
-1.491638795986622 -71.13808710668057
-1.4782608695652173 -71.09582324291351
-1.4648829431438126 -71.05382492813568
-1.451505016722408 -71.01209511085068
-1.4381270903010033 -70.97063672071216
-1.4247491638795986 -70.92945266831818
-1.411371237458194 -70.88854584500676
-1.3979933110367893 -70.84791912265307
-1.3846153846153846 -70.80757535346764
-1.37123745819398 -70.76751736979624
-1.3578595317725752 -70.72774798392096
-1.3444816053511706 -70.68826998786282
-1.3311036789297659 -70.64908615318572
-1.3177257525083612 -70.61019923080187
-1.3043478260869565 -70.57161195077867
-1.2909698996655519 -70.53332702214709
-1.2775919732441472 -70.49534713271137
-1.2642140468227425 -70.45767494886043
-1.2508361204013378 -70.4203131153806
-1.2374581939799332 -70.38326425526998
-1.2240802675585285 -70.34653096955432
-1.2107023411371238 -70.31011583710435
-1.1973244147157192 -70.27402141445477
-1.1839464882943145 -70.23825023562473
-1.1705685618729098 -70.20280481194001
-1.1571906354515051 -70.16768763185662
-1.1438127090301005 -70.13290116078613
-1.1304347826086958 -70.09844784092262
-1.1170568561872911 -70.06433009107116
-1.1036789297658864 -70.03055030647805
-1.0903010033444818 -69.99711085866265
-1.076923076923077 -69.96401409525087
-1.0635451505016724 -69.93126233981039
-1.0501672240802675 -69.89885789168744
-1.0367892976588629 -69.86680302584551
-1.0234113712374582 -69.83509999270555
-1.0100334448160535 -69.80375101798799
-0.9966555183946488 -69.77275830255647
-0.9832775919732442 -69.74212402226337
-0.9698996655518395 -69.71185032779702
-0.9565217391304348 -69.68193934453072
-0.9431438127090301 -69.65239317237354
-0.9297658862876255 -69.62321388562286
-0.9163879598662208 -69.59440353281879
-0.9030100334448161 -69.56596413660029
-0.8896321070234114 -69.53789769356325
-0.8762541806020068 -69.51020617412027
-0.8628762541806021 -69.48289152236231
-0.8494983277591974 -69.45595565592224
-0.8361204013377928 -69.4294004658402
-0.8227424749163881 -69.40322781643084
-0.8093645484949834 -69.37743954515243
-0.7959866220735785 -69.35203746247785
-0.7826086956521738 -69.32702335176754
-0.7692307692307692 -69.3023989691442
-0.7558528428093645 -69.27816604336964
-0.7424749163879598 -69.25432627572324
-0.7290969899665551 -69.23088133988267
-0.7157190635451505 -69.20783288180628
-0.7023411371237458 -69.18518251961761
-0.6889632107023411 -69.16293184349178
-0.6755852842809364 -69.14108241554376
-0.6622073578595318 -69.11963576971888
-0.6488294314381271 -69.09859341168499
-0.6354515050167224 -69.07795681872678
-0.6220735785953178 -69.05772743964211
-0.6086956521739131 -69.03790669464027
-0.5953177257525084 -69.0184959752423
-0.5819397993311037 -68.99949664418324
-0.5685618729096991 -68.98091003531653
-0.5551839464882944 -68.96273745352029
-0.5418060200668897 -68.9449801746058
-0.528428093645485 -68.92763944522785
-0.5150501672240804 -68.91071648279726
-0.5016722408026757 -68.8942124753954
-0.488294314381271 -68.8781285816908
-0.47491638795986635 -68.86246593085777
-0.4615384615384617 -68.84722562249715
-0.4481605351170568 -68.83240872655911
-0.4347826086956521 -68.81801628326804
-0.42140468227424743 -68.80404930304947
-0.40802675585284276 -68.79050876645924
-0.3946488294314381 -68.77739562411455
-0.3812709030100334 -68.76471079662726
-0.36789297658862874 -68.75245517453929
-0.35451505016722407 -68.74062961826007
-0.3411371237458194 -68.72923495800613
-0.3277591973244147 -68.71827199374282
-0.31438127090301005 -68.70774149512815
-0.3010033444816054 -68.69764420145874
-0.2876254180602007 -68.687980821618
-0.274247491638796 -68.67875203402622
-0.26086956521739135 -68.66995848659305
-0.24749163879598668 -68.66160079667199
-0.234113712374582 -68.65367955101702
-0.22073578595317733 -68.64619530574146
-0.20735785953177266 -68.63914858627884
-0.19397993311036799 -68.63253988734611
-0.1806020066889633 -68.62636967290885
-0.16722408026755864 -68.62063837614873
-0.15384615384615397 -68.61534639943305
-0.1404682274247493 -68.61049411428652
-0.12709030100334462 -68.60608186136523
-0.11371237458193972 -68.6021099504326
-0.10033444816053505 -68.59857866033782
-0.08695652173913038 -68.59548823899607
-0.0735785953177257 -68.59283890337126
-0.06020066889632103 -68.59063083946077
-0.04682274247491636 -68.58886420228232
-0.03344481605351168 -68.58753911586322
-0.02006688963210701 -68.58665567323149
-0.006688963210702337 -68.58621393640951
0.006688963210702337 -68.58621393640951
0.02006688963210701 -68.58665567323149
0.03344481605351168 -68.58753911586322
0.04682274247491636 -68.58886420228232
0.06020066889632103 -68.59063083946077
0.0735785953177257 -68.59283890337126
0.08695652173913038 -68.59548823899607
0.10033444816053505 -68.59857866033782
0.11371237458193972 -68.6021099504326
0.1270903010033444 -68.60608186136523
0.14046822742474907 -68.61049411428652
0.15384615384615374 -68.61534639943305
0.16722408026755842 -68.62063837614873
0.1806020066889631 -68.62636967290885
0.19397993311036776 -68.63253988734611
0.20735785953177244 -68.63914858627884
0.2207357859531771 -68.64619530574146
0.23411371237458178 -68.65367955101702
0.24749163879598646 -68.66160079667199
0.26086956521739113 -68.66995848659305
0.2742474916387958 -68.67875203402622
0.2876254180602005 -68.687980821618
0.30100334448160515 -68.69764420145874
0.3143812709030098 -68.70774149512815
0.3277591973244145 -68.71827199374282
0.34113712374581917 -68.72923495800613
0.35451505016722384 -68.74062961826007
0.3678929765886285 -68.75245517453929
0.3812709030100332 -68.76471079662726
0.39464882943143786 -68.77739562411455
0.408026755852843 -68.79050876645924
0.42140468227424766 -68.80404930304947
0.43478260869565233 -68.81801628326804
0.448160535117057 -68.83240872655911
0.4615384615384617 -68.84722562249715
0.47491638795986635 -68.86246593085777
0.488294314381271 -68.8781285816908
0.5016722408026757 -68.8942124753954
0.5150501672240804 -68.91071648279726
0.528428093645485 -68.92763944522785
0.5418060200668897 -68.9449801746058
0.5551839464882944 -68.96273745352029
0.5685618729096991 -68.98091003531653
0.5819397993311037 -68.99949664418324
0.5953177257525084 -69.0184959752423
0.6086956521739131 -69.03790669464027
0.6220735785953178 -69.05772743964211
0.6354515050167224 -69.07795681872678
0.6488294314381271 -69.09859341168499
0.6622073578595318 -69.11963576971888
0.6755852842809364 -69.14108241554376
0.6889632107023411 -69.16293184349178
0.7023411371237458 -69.18518251961761
0.7157190635451505 -69.20783288180628
0.7290969899665551 -69.23088133988267
0.7424749163879598 -69.25432627572324
0.7558528428093645 -69.27816604336964
0.7692307692307692 -69.3023989691442
0.7826086956521738 -69.32702335176754
0.7959866220735785 -69.35203746247785
0.8093645484949832 -69.37743954515243
0.8227424749163879 -69.40322781643084
0.8361204013377925 -69.4294004658402
0.8494983277591972 -69.45595565592224
0.8628762541806019 -69.48289152236231
0.8762541806020065 -69.51020617412027
0.8896321070234112 -69.53789769356325
0.9030100334448159 -69.56596413660029
0.9163879598662206 -69.59440353281879
0.9297658862876252 -69.62321388562286
0.9431438127090299 -69.65239317237354
0.9565217391304346 -69.68193934453072
0.9698996655518393 -69.71185032779702
0.9832775919732439 -69.74212402226337
0.9966555183946486 -69.77275830255647
1.0100334448160533 -69.80375101798799
1.023411371237458 -69.83509999270555
1.0367892976588626 -69.86680302584551
1.0501672240802673 -69.89885789168744
1.063545150501672 -69.93126233981037
1.0769230769230766 -69.96401409525087
1.0903010033444818 -69.99711085866265
1.1036789297658864 -70.03055030647805
1.1170568561872911 -70.06433009107116
1.1304347826086958 -70.09844784092262
1.1438127090301005 -70.13290116078613
1.1571906354515051 -70.16768763185662
1.1705685618729098 -70.20280481194001
1.1839464882943145 -70.23825023562473
1.1973244147157192 -70.27402141445477
1.2107023411371238 -70.31011583710435
1.2240802675585285 -70.34653096955432
1.2374581939799332 -70.38326425526998
1.2508361204013378 -70.4203131153806
1.2642140468227425 -70.45767494886043
1.2775919732441472 -70.49534713271137
1.2909698996655519 -70.53332702214709
1.3043478260869565 -70.57161195077867
1.3177257525083612 -70.61019923080187
1.3311036789297659 -70.64908615318572
1.3444816053511706 -70.68826998786282
1.3578595317725752 -70.72774798392096
1.37123745819398 -70.76751736979624
1.3846153846153846 -70.80757535346764
1.3979933110367893 -70.84791912265307
1.411371237458194 -70.88854584500676
1.4247491638795986 -70.92945266831818
1.4381270903010033 -70.97063672071216
1.451505016722408 -71.01209511085068
1.4648829431438126 -71.05382492813568
1.4782608695652173 -71.09582324291351
1.491638795986622 -71.13808710668057
1.5050167224080266 -71.18061355229034
1.5183946488294313 -71.22339959416165
1.531772575250836 -71.26644222848829
1.5451505016722407 -71.30973843344991
1.5585284280936453 -71.35328516942418
1.57190635451505 -71.39707937920016
1.5852842809364547 -71.44111798819294
1.5986622073578594 -71.48539790465948
1.612040133779264 -71.5299160199157
1.6254180602006687 -71.5746692085547
1.6387959866220734 -71.61965432866619
1.652173913043478 -71.66486822205704
1.6655518394648827 -71.71030771447306
1.6789297658862874 -71.75596961582181
1.692307692307692 -71.80185072039657
1.7056856187290967 -71.84794780710136
1.7190635451505014 -71.89425763967716
1.732441471571906 -71.94077696692906
1.7458193979933108 -71.98750252295447
1.7591973244147154 -72.03443102737252
1.7725752508361206 -72.08155918555423
1.7859531772575252 -72.12888368885389
1.79933110367893 -72.17640121484135
1.8127090301003346 -72.22410842753521
1.8260869565217392 -72.2720019776371
1.839464882943144 -72.32007850276676
1.8528428093645486 -72.36833462769809
1.8662207357859533 -72.41676696459618
1.879598662207358 -72.46537211325509
1.8929765886287626 -72.51414666133657
1.9063545150501673 -72.56308718460964
1.919732441471572 -72.61219024719102
1.9331103678929766 -72.66145240178625
1.9464882943143813 -72.71087018993182
1.959866220735786 -72.76044014223791
1.9732441471571907 -72.81015877863194
1.9866220735785953 -72.86002260860299
2.0 -72.9100281314467
2.0 -72.9100281314467
2.0066889632107023 -72.93490715684285
2.0133779264214047 -72.95947170852055
2.020066889632107 -72.98372576146345
2.0267558528428093 -73.00767324041095
2.0334448160535117 -73.03131802049334
2.040133779264214 -73.0546639278588
2.0468227424749164 -73.07771474029254
2.0535117056856187 -73.10047418782817
2.060200668896321 -73.12294595335122
2.0668896321070234 -73.14513367319515
2.0735785953177257 -73.16704093772974
2.080267558528428 -73.18867129194207
2.0869565217391304 -73.2100282360102
2.0936454849498327 -73.23111522586956
2.100334448160535 -73.25193567377211
2.1070234113712374 -73.27249294883859
2.1137123745819397 -73.29279037760367
2.120401337792642 -73.31283124455422
2.1270903010033444 -73.33261879266085
2.1337792642140467 -73.35215622390264
2.140468227424749 -73.37144669978528
2.1471571906354514 -73.39049334185268
2.1538461538461537 -73.40929923219205
2.160535117056856 -73.42786741393273
2.1672240802675584 -73.4462008917385
2.1739130434782608 -73.46430263229387
2.180602006688963 -73.4821755647841
2.1872909698996654 -73.49982258136924
2.1939799331103678 -73.5172465376521
2.20066889632107 -73.53445025314032
2.2073578595317724 -73.55143651170269
2.2140468227424748 -73.56820806201955
2.220735785953177 -73.5847676180276
2.2274247491638794 -73.60111785935908
2.234113712374582 -73.61726143177538
2.240802675585284 -73.63320094759514
2.2474916387959865 -73.64893898611705
2.254180602006689 -73.66447809403711
2.260869565217391 -73.67982078586081
2.2675585284280935 -73.69496954431004
2.274247491638796 -73.70992682072473
2.280936454849498 -73.72469503545966
2.2876254180602005 -73.73927657827603
2.294314381270903 -73.75367380872817
2.3010033444816056 -73.76788905654537
2.3076923076923075 -73.78192462200892
2.3143812709030103 -73.79578277632423
2.321070234113712 -73.80946576198848
2.327759197324415 -73.82297579315339
2.334448160535117 -73.83631505598355
2.3411371237458196 -73.84948570901018
2.3478260869565215 -73.86248988348044
2.3545150501672243 -73.87532968370226
2.361204013377926 -73.8880071873849
2.367892976588629 -73.90052444597511
2.374581939799331 -73.91288348498914
2.3812709030100336 -73.92508630434048
2.387959866220736 -73.9371348786635
2.3946488294314383 -73.94903115763292
2.4013377926421406 -73.96077706627938
2.408026755852843 -73.97237450530093
2.4147157190635453 -73.98382535137057
2.4214046822742477 -73.9951314574399
2.42809364548495 -74.00629465303905
2.4347826086956523 -74.01731674457267
2.4414715719063547 -74.02819951561222
2.448160535117057 -74.03894472718466
2.4548494983277593 -74.04955411805732
2.4615384615384617 -74.06002940501934
2.468227424749164 -74.07037228315944
2.4749163879598663 -74.08058442614026
2.4816053511705687 -74.0906674864691
2.488294314381271 -74.1006230957654
2.4949832775919734 -74.11045286502475
2.5016722408026757 -74.12015838487959
2.508361204013378 -74.12974122585653
2.5150501672240804 -74.1392029386306
2.5217391304347827 -74.1485450542761
2.528428093645485 -74.15776908451436
2.5351170568561874 -74.16687652195841
2.5418060200668897 -74.17586884035445
2.548494983277592 -74.1847474948204
2.5551839464882944 -74.19351392208128
2.5618729096989967 -74.20216954070177
2.568561872909699 -74.21071575131572
2.5752508361204014 -74.2191539368528
2.5819397993311037 -74.22748546276233
2.588628762541806 -74.23571167723415
2.5953177257525084 -74.24383391141683
2.6020066889632107 -74.25185347963311
2.608695652173913 -74.25977167959249
2.6153846153846154 -74.26758979260131
2.6220735785953178 -74.27530908377005
2.62876254180602 -74.28293080221802
2.6354515050167224 -74.29045618127556
2.6421404682274248 -74.29788643868353
2.648829431438127 -74.30522277679044
2.6555183946488294 -74.31246638274696
2.6622073578595318 -74.31961842869806
2.668896321070234 -74.32668007197265
2.6755852842809364 -74.33365245527087
2.682274247491639 -74.34053670684898
2.688963210702341 -74.347333940702
2.6956521739130435 -74.35404525674389
2.702341137123746 -74.36067174098558
2.709030100334448 -74.36721446571072
2.7157190635451505 -74.3736744896491
2.722408026755853 -74.38005285814816
2.729096989966555 -74.38635060334192
2.7357859531772575 -74.39256874431818
2.74247491638796 -74.39870828728331
2.749163879598662 -74.40477022572516
2.7558528428093645 -74.41075554057372
2.762541806020067 -74.41666520035997
2.769230769230769 -74.42250016137253
2.7759197324414715 -74.42826136781241
2.782608695652174 -74.43394975194582
2.789297658862876 -74.43956623425503
2.7959866220735785 -74.44511172358727
2.802675585284281 -74.45058711730191
2.809364548494983 -74.4559933014155
2.8160535117056855 -74.46133115074534
2.822742474916388 -74.46660152905085
2.82943143812709 -74.4718052891735
2.8361204013377925 -74.4769432731747
2.842809364548495 -74.48201631247214
2.849498327759197 -74.48702522797429
2.8561872909698995 -74.4919708302132
2.862876254180602 -74.49685391947578
2.869565217391304 -74.50167528593316
2.8762541806020065 -74.50643570976864
2.882943143812709 -74.5111359613039
2.8896321070234112 -74.5157768011237
2.8963210702341136 -74.52035898019889
2.903010033444816 -74.52488324000797
2.9096989966555182 -74.52935031265707
2.9163879598662206 -74.5337609209984
2.923076923076923 -74.53811577874728
2.9297658862876252 -74.54241559059754
2.9364548494983276 -74.54666105233561
2.94314381270903 -74.55085285095312
2.9498327759197327 -74.55499166475802
2.9565217391304346 -74.5590781634844
2.9632107023411374 -74.56311300840082
2.9698996655518393 -74.56709685241731
2.976588628762542 -74.57103034019107
2.983277591973244 -74.57491410823076
2.9899665551839467 -74.57874878499948
2.9966555183946486 -74.5825349910165
3.0033444816053514 -74.58627333895764
3.0100334448160533 -74.58996443375445
3.016722408026756 -74.59360887269206
3.023411371237458 -74.59720724550584
3.0301003344481607 -74.60076013447686
3.0367892976588626 -74.60426811452608
3.0434782608695654 -74.60773175330739
3.0501672240802673 -74.61115161129949
3.05685618729097 -74.61452824189652
3.063545150501672 -74.6178621914977
3.0702341137123748 -74.62115399959568
3.0769230769230766 -74.62440419886387
3.0836120401337794 -74.62761331524263
3.0903010033444813 -74.63078186802434
3.096989966555184 -74.63391036993754
3.103678929765886 -74.63699932722973
3.1103678929765888 -74.64004923974947
3.1170568561872907 -74.6430606010271
3.1237458193979935 -74.64603389835474
3.1304347826086953 -74.64896961286506
3.137123745819398 -74.65186821960914
3.1438127090301 -74.65473018763339
3.150501672240803 -74.6575559800554
3.1571906354515047 -74.66034605413893
3.1638795986622075 -74.66310086136782
3.1705685618729094 -74.66582084751916
3.177257525083612 -74.66850645273533
3.183946488294314 -74.67115811159528
3.190635451505017 -74.6737762531848
3.1973244147157187 -74.67636130116603
3.2040133779264215 -74.67891367384595
3.210702341137124 -74.68143378424412
3.217391304347826 -74.68392204015942
3.2240802675585285 -74.68637884423616
3.230769230769231 -74.68880459402918
3.237458193979933 -74.69119968206816
3.2441471571906355 -74.69356449592115
3.250836120401338 -74.69589941825734
3.25752508361204 -74.6982048269089
3.2642140468227425 -74.70048109493219
3.270903010033445 -74.70272859066803
3.277591973244147 -74.70494767780146
3.2842809364548495 -74.70713871542043
3.290969899665552 -74.709302058074
3.297658862876254 -74.7114380558297
3.3043478260869565 -74.71354705433016
3.311036789297659 -74.71562939484905
3.317725752508361 -74.71768541434628
3.3244147157190636 -74.71971544552258
3.331103678929766 -74.72171981687329
3.3377926421404682 -74.72369885274152
3.3444816053511706 -74.72565287337066
3.351170568561873 -74.7275821949562
3.3578595317725752 -74.72948712969686
3.3645484949832776 -74.73136798584514
3.37123745819398 -74.73322506775719
3.3779264214046822 -74.73505867594207
3.3846153846153846 -74.73686910711037
3.391304347826087 -74.73865665422221
3.3979933110367893 -74.74042160653471
3.4046822742474916 -74.74216424964867
3.411371237458194 -74.74388486555492
3.4180602006688963 -74.74558373267989
3.4247491638795986 -74.74726112593063
3.431438127090301 -74.74891731673938
3.4381270903010033 -74.75055257310743
3.4448160535117056 -74.75216715964847
3.451505016722408 -74.75376133763149
3.4581939799331103 -74.75533536502299
3.4648829431438126 -74.75688949652874
3.471571906354515 -74.75842398363501
3.4782608695652173 -74.75993907464925
3.4849498327759196 -74.76143501474027
3.491638795986622 -74.76291204597793
3.4983277591973243 -74.7643704073723
3.5050167224080266 -74.7658103349123
3.511705685618729 -74.76723206160398
3.5183946488294313 -74.76863581750813
3.5250836120401337 -74.77002182977755
3.531772575250836 -74.7713903226938
3.5384615384615383 -74.77274151770352
3.545150501672241 -74.77407563345422
3.551839464882943 -74.77539288582966
3.558528428093646 -74.77669348798484
3.5652173913043477 -74.77797765038046
3.5719063545150505 -74.77924558081693
3.5785953177257523 -74.78049748446809
3.585284280936455 -74.7817335639143
3.591973244147157 -74.78295401917534
3.59866220735786 -74.78415904774269
3.6053511705685617 -74.78534884461152
3.6120401337792645 -74.78652360231222
3.6187290969899664 -74.7876835109416
3.625418060200669 -74.78882875819363
3.632107023411371 -74.78995952938978
3.638795986622074 -74.79107600750903
3.6454849498327757 -74.79217837321752
3.6521739130434785 -74.79326680489774
3.6588628762541804 -74.79434147867738
3.665551839464883 -74.79540256845787
3.672240802675585 -74.79645024594254
3.678929765886288 -74.7974846806643
3.6856187290969897 -74.7985060400132
3.6923076923076925 -74.79951448926344
3.6989966555183944 -74.80051019160015
3.705685618729097 -74.80149330814575
3.712374581939799 -74.80246399798611
3.719063545150502 -74.80342241819616
3.7257525083612038 -74.80436872386547
3.7324414715719065 -74.80530306812318
3.7391304347826084 -74.80622560216291
3.745819397993311 -74.80713647526716
3.752508361204013 -74.80803583483149
3.759197324414716 -74.80892382638835
3.7658862876254178 -74.80980059363067
3.7725752508361206 -74.81066627843504
3.7792642140468224 -74.81152102088475
3.7859531772575252 -74.81236495929241
3.792642140468227 -74.81319823022235
3.79933110367893 -74.81402096851271
3.806020066889632 -74.81483330729723
3.8127090301003346 -74.81563537802687
3.8193979933110365 -74.81642731049102
3.8260869565217392 -74.8172092328385
3.832775919732441 -74.81798127159831
3.839464882943144 -74.81874355170017
3.846153846153846 -74.8194961964946
3.8528428093645486 -74.82023932777298
3.8595317725752505 -74.82097306578726
3.8662207357859533 -74.82169752926934
3.872909698996655 -74.8224128354504
3.879598662207358 -74.82311910007972
3.8862876254180603 -74.8238164374436
3.8929765886287626 -74.82450496038366
3.899665551839465 -74.82518478031524
3.9063545150501673 -74.82585600724535
3.9130434782608696 -74.8265187497905
3.919732441471572 -74.8271731151943
3.9264214046822743 -74.82781920934477
3.9331103678929766 -74.82845713679149
3.939799331103679 -74.82908700076251
3.9464882943143813 -74.82970890318111
3.9531772575250836 -74.83032294468222
3.959866220735786 -74.83092922462872
3.9665551839464883 -74.83152784112754
3.9732441471571907 -74.83211889104555
3.979933110367893 -74.83270247002518
3.9866220735785953 -74.83327867249997
3.9933110367892977 -74.83384759170974
4.0 -74.83440931971583
