-4.0 -16.912414273241748
-3.9933110367892977 -16.917564924759077
-3.9866220735785953 -16.922745990581344
-3.979933110367893 -16.927957650303295
-3.9732441471571907 -16.93320008458017
-3.9665551839464883 -16.938473475133975
-3.959866220735786 -16.943778004759764
-3.9531772575250836 -16.94911385733199
-3.9464882943143813 -16.954481217810876
-3.939799331103679 -16.95988027224882
-3.9331103678929766 -16.96531120779686
-3.9264214046822743 -16.970774212711135
-3.919732441471572 -16.97626947635943
-3.9130434782608696 -16.981797189227745
-3.9063545150501673 -16.987357542926883
-3.899665551839465 -16.992950730199095
-3.8929765886287626 -16.998576944924764
-3.8862876254180603 -17.004236382129136
-3.879598662207358 -17.00992923798906
-3.8729096989966556 -17.015655709839795
-3.8662207357859533 -17.02141599618187
-3.859531772575251 -17.027210296687926
-3.8528428093645486 -17.033038812209675
-3.8461538461538463 -17.038901744784848
-3.839464882943144 -17.04479929764419
-3.8327759197324416 -17.05073167521851
-3.8260869565217392 -17.05669908314578
-3.819397993311037 -17.062701728278245
-3.8127090301003346 -17.0687398186896
-3.8060200668896322 -17.074813563682206
-3.79933110367893 -17.080923173794343
-3.7926421404682276 -17.087068860807506
-3.7859531772575252 -17.09325083775375
-3.779264214046823 -17.099469318923067
-3.7725752508361206 -17.105724519870826
-3.765886287625418 -17.112016657425237
-3.759197324414716 -17.11834594969486
-3.7525083612040135 -17.124712616076184
-3.745819397993311 -17.13111687726122
-3.739130434782609 -17.137558955245147
-3.7324414715719065 -17.144039073334014
-3.725752508361204 -17.15055745615249
-3.719063545150502 -17.157114329651627
-3.7123745819397995 -17.16370992111671
-3.705685618729097 -17.170344459175134
-3.6989966555183944 -17.177018173804317
-3.6923076923076925 -17.18373129633969
-3.6856187290969897 -17.190484059482706
-3.678929765886288 -17.197276697308897
-3.672240802675585 -17.20410944527601
-3.665551839464883 -17.21098254023215
-3.6588628762541804 -17.21789622042399
-3.6521739130434785 -17.224850725505057
-3.6454849498327757 -17.231846296544
-3.638795986622074 -17.238883176032964
-3.632107023411371 -17.24596160789601
-3.625418060200669 -17.253081837497547
-3.6187290969899664 -17.260244111650845
-3.612040133779264 -17.267448678626604
-3.6053511705685617 -17.274695788161534
-3.5986622073578594 -17.281985691467035
-3.591973244147157 -17.289318641237895
-3.5852842809364547 -17.296694891661048
-3.5785953177257523 -17.30411469842439
-3.57190635451505 -17.311578318725637
-3.5652173913043477 -17.319086011281243
-3.5585284280936453 -17.326638036335375
-3.551839464882943 -17.33423465566891
-3.5451505016722407 -17.34187613260855
-3.5384615384615383 -17.349562732035906
-3.531772575250836 -17.357294720396713
-3.5250836120401337 -17.365072365710038
-3.5183946488294313 -17.372895937577606
-3.511705685618729 -17.380765707193106
-3.5050167224080266 -17.38868194735162
-3.4983277591973243 -17.39664493245907
-3.491638795986622 -17.40465493854172
-3.4849498327759196 -17.412712243255772
-3.4782608695652173 -17.420817125896953
-3.471571906354515 -17.42896986741022
-3.4648829431438126 -17.437170750399506
-3.4581939799331103 -17.445420059137486
-3.451505016722408 -17.453718079575463
-3.4448160535117056 -17.462065099353264
-3.4381270903010033 -17.470461407809204
-3.431438127090301 -17.478907295990133
-3.4247491638795986 -17.487403056661513
-3.4180602006688963 -17.49594898431757
-3.411371237458194 -17.50454537519151
-3.4046822742474916 -17.51319252726576
-3.3979933110367893 -17.521890740282327
-3.391304347826087 -17.530640315753185
-3.3846153846153846 -17.53944155697071
-3.3779264214046822 -17.548294769018206
-3.37123745819398 -17.557200258780473
-3.3645484949832776 -17.566158334954448
-3.3578595317725752 -17.57516930805991
-3.351170568561873 -17.584233490450238
-3.3444816053511706 -17.59335119632324
-3.3377926421404682 -17.602522741732045
-3.331103678929766 -17.611748444596056
-3.3244147157190636 -17.62102862471197
-3.317725752508361 -17.630363603764874
-3.311036789297659 -17.639753705339373
-3.3043478260869565 -17.64919925493084
-3.297658862876254 -17.65870057995666
-3.290969899665552 -17.66825800976761
-3.2842809364548495 -17.677871875659264
-3.277591973244147 -17.68754251088348
-3.270903010033445 -17.697270250659937
-3.2642140468227425 -17.70705543218778
-3.25752508361204 -17.716898394657292
-3.250836120401338 -17.726799479261654
-3.2441471571906355 -17.736759029208773
-3.237458193979933 -17.746777389733182
-3.230769230769231 -17.756854908108004
-3.2240802675585285 -17.766991933656985
-3.217391304347826 -17.777188817766618
-3.210702341137124 -17.7874459138983
-3.2040133779264215 -17.797763577600605
-3.197324414715719 -17.808142166521606
-3.190635451505017 -17.81858204042126
-3.1839464882943145 -17.829083561183886
-3.177257525083612 -17.839647092830713
-3.17056856187291 -17.850273001532493
-3.1638795986622075 -17.860961655622198
-3.157190635451505 -17.871713425607783
-3.150501672240803 -17.88252868418503
-3.1438127090301005 -17.893407806250472
-3.137123745819398 -17.90435116891438
-3.130434782608696 -17.915359151513847
-3.1237458193979935 -17.92643213562592
-3.117056856187291 -17.937570505080846
-3.1103678929765888 -17.948774645975366
-3.1036789297658864 -17.960044946686093
-3.096989966555184 -17.971381797882994
-3.0903010033444818 -17.98278559254291
-3.0836120401337794 -17.99425672596319
-3.076923076923077 -18.005795595775396
-3.0702341137123748 -18.01740260195908
-3.0635451505016724 -18.029078146855646
-3.05685618729097 -18.040822635182302
-3.0501672240802673 -18.052636474046096
-3.0434782608695654 -18.06452007295801
-3.0367892976588626 -18.076473843847175
-3.0301003344481607 -18.08849820107513
-3.023411371237458 -18.1005935614502
-3.016722408026756 -18.112760344241945
-3.0100334448160533 -18.124998971195676
-3.0033444816053514 -18.1373098665471
-2.9966555183946486 -18.149693457036996
-2.9899665551839467 -18.162150171926037
-2.983277591973244 -18.174680443009652
-2.976588628762542 -18.18728470463299
-2.9698996655518393 -18.199963393706
-2.9632107023411374 -18.212716949718533
-2.9565217391304346 -18.225545814755634
-2.9498327759197327 -18.23845043351281
-2.94314381270903 -18.251431253311488
-2.936454849498328 -18.264488724114486
-2.9297658862876252 -18.277623298541638
-2.9230769230769234 -18.29083543188547
-2.9163879598662206 -18.304125582126982
-2.9096989966555187 -18.31749420995153
-2.903010033444816 -18.33094177876479
-2.896321070234114 -18.344468754708817
-2.8896321070234112 -18.358075606678213
-2.8829431438127093 -18.371762806336378
-2.8762541806020065 -18.385530828131856
-2.8695652173913047 -18.399380149314773
-2.862876254180602 -18.41331124995341
-2.8561872909699 -18.4273246129508
-2.849498327759197 -18.44142072406152
-2.8428093645484953 -18.455600071908467
-2.8361204013377925 -18.469863147999853
-2.8294314381270906 -18.48421044674621
-2.822742474916388 -18.49864246547754
-2.816053511705686 -18.51315970446054
-2.809364548494983 -18.527762666915965
-2.8026755852842813 -18.542451859036053
-2.7959866220735785 -18.55722779000208
-2.789297658862876 -18.572090972002012
-2.782608695652174 -18.587041920248254
-2.7759197324414715 -18.602081152995503
-2.769230769230769 -18.61720919155874
-2.762541806020067 -18.632426560331258
-2.7558528428093645 -18.647733786802878
-2.749163879598662 -18.663131401578216
-2.74247491638796 -18.678619938395073
-2.7357859531772575 -18.694199934142947
-2.729096989966555 -18.70987192888164
-2.722408026755853 -18.725636465859964
-2.7157190635451505 -18.741494091534594
-2.709030100334448 -18.757445355589006
-2.702341137123746 -18.773490810952516
-2.6956521739130435 -18.789631013819456
-2.688963210702341 -18.80586652366846
-2.682274247491639 -18.82219790328185
-2.6755852842809364 -18.838625718765144
-2.668896321070234 -18.85515053956668
-2.6622073578595318 -18.87177293849736
-2.6555183946488294 -18.8884934917505
-2.648829431438127 -18.9053127789218
-2.6421404682274248 -18.922231383029448
-2.6354515050167224 -18.939249890534317
-2.62876254180602 -18.9563688913603
-2.6220735785953178 -18.97358897891475
-2.6153846153846154 -18.99091075010907
-2.608695652173913 -19.008334805379377
-2.6020066889632107 -19.025861748707342
-2.5953177257525084 -19.0434921876411
-2.588628762541806 -19.061226733316335
-2.5819397993311037 -19.07906600047745
-2.5752508361204014 -19.097010607498873
-2.568561872909699 -19.1150611764065
-2.5618729096989967 -19.13321833289926
-2.5551839464882944 -19.151482706370796
-2.548494983277592 -19.169854929931276
-2.5418060200668897 -19.188335640429365
-2.5351170568561874 -19.20692547847427
-2.528428093645485 -19.22562508845796
-2.5217391304347827 -19.244435118577506
-2.5150501672240804 -19.26335622085755
-2.508361204013378 -19.28238905117289
-2.5016722408026757 -19.301534269271233
-2.4949832775919734 -19.320792538796066
-2.488294314381271 -19.340164527309646
-2.4816053511705687 -19.359650906316148
-2.4749163879598663 -19.37925235128494
-2.468227424749164 -19.398969541674003
-2.4615384615384617 -19.418803160953473
-2.454849498327759 -19.438753896629343
-2.448160535117057 -19.458822440267287
-2.441471571906354 -19.47900948751664
-2.4347826086956523 -19.499315738134495
-2.4280936454849495 -19.51974189600999
-2.4214046822742477 -19.540288669188662
-2.414715719063545 -19.560956769897047
-2.408026755852843 -19.581746914567315
-2.40133779264214 -19.60265982386214
-2.3946488294314383 -19.623696222699657
-2.3879598662207355 -19.644856840278617
-2.3812709030100336 -19.666142410103635
-2.374581939799331 -19.687553670010633
-2.367892976588629 -19.709091362192414
-2.361204013377926 -19.730756233224387
-2.3545150501672243 -19.752549034090443
-2.3478260869565215 -19.774470520209
-2.3411371237458196 -19.79652145145916
-2.334448160535117 -19.818702592207092
-2.327759197324415 -19.841014711332484
-2.321070234113712 -19.863458582255223
-2.3143812709030103 -19.8860349829622
-2.3076923076923075 -19.90874469603427
-2.3010033444816056 -19.93158850867338
-2.294314381270903 -19.954567212729867
-2.287625418060201 -19.977681604729895
-2.280936454849498 -20.00093248590308
-2.2742474916387962 -20.024320662210226
-2.2675585284280935 -20.047846944371326
-2.2608695652173916 -20.0715121478936
-2.254180602006689 -20.09531709309981
-2.247491638795987 -20.119262605156663
-2.240802675585284 -20.14334951410344
-2.2341137123745822 -20.167578654880753
-2.2274247491638794 -20.19195086735949
-2.2207357859531776 -20.216466996369928
-2.2140468227424748 -20.241127891731022
-2.207357859531773 -20.265934408279854
-2.20066889632107 -20.29088740590128
-2.193979933110368 -20.315987749557717
-2.1872909698996654 -20.341236309319147
-2.1806020066889635 -20.366633960393248
-2.1739130434782608 -20.392181583155775
-2.167224080267559 -20.417880063181027
-2.160535117056856 -20.44373029127259
-2.153846153846154 -20.469733163494176
-2.1471571906354514 -20.495889581200714
-2.1404682274247495 -20.52220045106958
-2.1337792642140467 -20.548666685132034
-2.127090301003345 -20.57528920080481
-2.120401337792642 -20.602068920921962
-2.1137123745819397 -20.629006773766804
-2.1070234113712374 -20.65610369310413
-2.100334448160535 -20.68336061821254
-2.0936454849498327 -20.71077849391704
-2.0869565217391304 -20.738358270621767
-2.080267558528428 -20.766100904342938
-2.0735785953177257 -20.794007356741997
-2.0668896321070234 -20.82207859515894
-2.060200668896321 -20.85031559264585
-2.0535117056856187 -20.878719328000628
-2.0468227424749164 -20.907290785800924
-2.040133779264214 -20.936030956438263
-2.0334448160535117 -20.964940836152373
-2.0267558528428093 -20.994021427065725
-2.020066889632107 -21.02327373721826
-2.0133779264214047 -21.05269878060234
-2.0066889632107023 -21.082297577197902
-2.0 -21.112071153007797
-2.0 -21.112071153007797
-1.9866220735785953 -21.17032023137805
-1.9732441471571907 -21.225600039438184
-1.959866220735786 -21.277878581992873
-1.9464882943143813 -21.327125600938146
-1.9331103678929766 -21.373312592774333
-1.919732441471572 -21.416412825103535
-1.9063545150501673 -21.45640135210195
-1.8929765886287626 -21.493255028958174
-1.879598662207358 -21.5269525252691
-1.8662207357859533 -21.55747433738567
-1.8528428093645486 -21.584802799701325
-1.839464882943144 -21.608922094876597
-1.8260869565217392 -21.629818262993982
-1.8127090301003346 -21.647479209637744
-1.7993311036789297 -21.661894712893996
-1.785953177257525 -21.67305642926702
-1.7725752508361203 -21.680957898508343
-1.7591973244147157 -21.685594547355848
-1.745819397993311 -21.68696369218073
-1.7324414715719063 -21.685064540540726
-1.7190635451505016 -21.67989819163878
-1.705685618729097 -21.67146763568683
-1.6923076923076923 -21.65977775217513
-1.6789297658862876 -21.644835307048055
-1.665551839464883 -21.626648948788052
-1.6521739130434783 -21.60522920341006
-1.6387959866220736 -21.58058846836915
-1.625418060200669 -21.552741005385073
-1.6120401337792643 -21.52170293218778
-1.5986622073578596 -21.48749221318866
-1.585284280936455 -21.450128649083034
-1.5719063545150502 -21.40963386538976
-1.5585284280936456 -21.36603129993468
-1.5451505016722409 -21.31934618928512
-1.5317725752508362 -21.269605554143332
-1.5183946488294313 -21.216838183707264
-1.5050167224080266 -21.161074619007774
-1.491638795986622 -21.102347135231895
-1.4782608695652173 -21.04068972304241
-1.4648829431438126 -20.9761380689045
-1.451505016722408 -20.90872953443094
-1.4381270903010033 -20.83850313475768
-1.4247491638795986 -20.76549951596243
-1.411371237458194 -20.68976093153927
-1.3979933110367893 -20.611331217942897
-1.3846153846153846 -20.530255769216716
-1.37123745819398 -20.446581510719337
-1.3578595317725752 -20.360356871964868
-1.3444816053511706 -20.271631758592548
-1.3311036789297659 -20.18045752348207
-1.3177257525083612 -20.08688693703121
-1.3043478260869565 -19.99097415661307
-1.2909698996655519 -19.892774695230518
-1.2775919732441472 -19.79234538938603
-1.2642140468227425 -19.689744366185483
-1.2508361204013378 -19.585031009695015
-1.2374581939799332 -19.47826592657032
-1.2240802675585285 -19.36951091097834
-1.2107023411371238 -19.258828908831674
-1.1973244147157192 -19.146283981356312
-1.1839464882943145 -19.031941268013906
-1.1705685618729098 -18.91586694879993
-1.1571906354515051 -18.7981282059396
-1.1438127090301005 -18.678793185003734
-1.1304347826086958 -18.557930955467018
-1.1170568561872911 -18.43561147073155
-1.1036789297658864 -18.311905527638768
-1.0903010033444818 -18.186884725493204
-1.076923076923077 -18.060621424621786
-1.0635451505016724 -17.933188704492686
-1.0501672240802675 -17.804660321417906
-1.0367892976588629 -17.675110665864157
-1.0234113712374582 -17.544614719396655
-1.0100334448160535 -17.41324801128083
-0.9966555183946488 -17.281086574767027
-0.9832775919732442 -17.14820690308349
-0.9698996655518395 -17.014685905163134
-0.9565217391304348 -16.880600861129718
-0.9431438127090301 -16.74602937756916
-0.9297658862876255 -16.611049342611906
-0.9163879598662208 -16.475738880852354
-0.9030100334448161 -16.340176308131404
-0.8896321070234114 -16.20444008620833
-0.8762541806020068 -16.068608777348178
-0.8628762541806021 -15.932760998851021
-0.8494983277591974 -15.796975377549321
-0.8361204013377928 -15.66133050429981
-0.8227424749163881 -15.52590488849618
-0.8093645484949834 -15.390776912628917
-0.7959866220735785 -15.256024786918584
-0.7826086956521738 -15.121726504048837
-0.7692307692307692 -14.987959794025302
-0.7558528428093645 -14.854802079186538
-0.7424749163879598 -14.722330429393027
-0.7290969899665551 -14.590621517420214
-0.7157190635451505 -14.45975157458134
-0.7023411371237458 -14.329796346605809
-0.6889632107023411 -14.200831049798603
-0.6755852842809364 -14.072930327506109
-0.6622073578595318 -13.946168206913567
-0.6488294314381271 -13.820618056199166
-0.6354515050167224 -13.696352542069533
-0.6220735785953178 -13.573443587701252
-0.6086956521739131 -13.451962331112702
-0.5953177257525084 -13.331979083990353
-0.5819397993311037 -13.213563290993328
-0.5685618729096991 -13.096783489559783
-0.5551839464882944 -12.981707270238376
-0.5418060200668897 -12.86840123756779
-0.528428093645485 -12.756930971526927
-0.5150501672240804 -12.647360989578127
-0.5016722408026757 -12.539754709325338
-0.488294314381271 -12.434174411808879
-0.47491638795986635 -12.330681205458026
-0.4615384615384617 -12.22933499072229
-0.4481605351170568 -12.130194425401857
-0.4347826086956521 -12.033316890697265
-0.42140468227424743 -11.938758457997942
-0.40802675585284276 -11.846573856428854
-0.3946488294314381 -11.756816441174044
-0.3812709030100334 -11.669538162595382
-0.36789297658862874 -11.5847895361644
-0.35451505016722407 -11.502619613224638
-0.3411371237458194 -11.423075952601398
-0.3277591973244147 -11.346204593075338
-0.31438127090301005 -11.272050026735867
-0.3010033444816054 -11.200655173229732
-0.2876254180602007 -11.132061354919708
-0.274247491638796 -11.06630827296779
-0.26086956521739135 -11.003433984356697
-0.24749163879598668 -10.943474879863015
-0.234113712374582 -10.886465662994713
-0.22073578595317733 -10.832439329905235
-0.20735785953177266 -10.781427150295766
-0.19397993311036799 -10.733458649316766
-0.1806020066889633 -10.688561590479218
-0.16722408026755864 -10.646761959585485
-0.15384615384615397 -10.608083949689082
-0.1404682274247493 -10.572549947092075
-0.12709030100334462 -10.540180518388194
-0.11371237458193972 -10.51099439855916
-0.10033444816053505 -10.485008480131153
-0.08695652173913038 -10.462237803397631
-0.0735785953177257 -10.44269554771423
-0.06020066889632103 -10.426393023870721
-0.04682274247491636 -10.413339667544486
-0.03344481605351168 -10.403543033839277
-0.02006688963210701 -10.397008792912425
-0.006688963210702337 -10.393740726693029
0.006688963210702337 -10.393740726693029
0.02006688963210701 -10.397008792912425
0.03344481605351168 -10.403543033839277
0.04682274247491636 -10.413339667544486
0.06020066889632103 -10.426393023870721
0.0735785953177257 -10.44269554771423
0.08695652173913038 -10.462237803397631
0.10033444816053505 -10.485008480131153
0.11371237458193972 -10.51099439855916
0.1270903010033444 -10.540180518388192
0.14046822742474907 -10.572549947092075
0.15384615384615374 -10.608083949689082
0.16722408026755842 -10.646761959585483
0.1806020066889631 -10.688561590479218
0.19397993311036776 -10.733458649316766
0.20735785953177244 -10.781427150295766
0.2207357859531771 -10.832439329905235
0.23411371237458178 -10.886465662994713
0.24749163879598646 -10.943474879863013
0.26086956521739113 -11.003433984356695
0.2742474916387958 -11.066308272967788
0.2876254180602005 -11.132061354919706
0.30100334448160515 -11.20065517322973
0.3143812709030098 -11.272050026735865
0.3277591973244145 -11.346204593075337
0.34113712374581917 -11.423075952601398
0.35451505016722384 -11.502619613224638
0.3678929765886285 -11.584789536164397
0.3812709030100332 -11.66953816259538
0.39464882943143786 -11.756816441174042
0.408026755852843 -11.846573856428854
0.42140468227424766 -11.938758457997944
0.43478260869565233 -12.033316890697268
0.448160535117057 -12.130194425401859
0.4615384615384617 -12.22933499072229
0.47491638795986635 -12.330681205458026
0.488294314381271 -12.434174411808879
0.5016722408026757 -12.539754709325338
0.5150501672240804 -12.647360989578127
0.528428093645485 -12.756930971526927
0.5418060200668897 -12.86840123756779
0.5551839464882944 -12.981707270238376
0.5685618729096991 -13.096783489559783
0.5819397993311037 -13.213563290993328
0.5953177257525084 -13.331979083990353
0.6086956521739131 -13.451962331112702
0.6220735785953178 -13.573443587701252
0.6354515050167224 -13.696352542069533
0.6488294314381271 -13.820618056199166
0.6622073578595318 -13.946168206913567
0.6755852842809364 -14.072930327506109
0.6889632107023411 -14.200831049798603
0.7023411371237458 -14.329796346605809
0.7157190635451505 -14.45975157458134
0.7290969899665551 -14.590621517420214
0.7424749163879598 -14.722330429393027
0.7558528428093645 -14.854802079186538
0.7692307692307692 -14.987959794025302
0.7826086956521738 -15.121726504048837
0.7959866220735785 -15.256024786918584
0.8093645484949832 -15.390776912628914
0.8227424749163879 -15.525904888496179
0.8361204013377925 -15.661330504299809
0.8494983277591972 -15.796975377549318
0.8628762541806019 -15.93276099885102
0.8762541806020065 -16.068608777348178
0.8896321070234112 -16.204440086208326
0.9030100334448159 -16.3401763081314
0.9163879598662206 -16.47573888085235
0.9297658862876252 -16.611049342611903
0.9431438127090299 -16.746029377569158
0.9565217391304346 -16.880600861129718
0.9698996655518393 -17.01468590516313
0.9832775919732439 -17.148206903083487
0.9966555183946486 -17.281086574767027
1.0100334448160533 -17.413248011280828
1.023411371237458 -17.54461471939665
1.0367892976588626 -17.675110665864153
1.0501672240802673 -17.804660321417906
1.063545150501672 -17.93318870449268
1.0769230769230766 -18.060621424621782
1.0903010033444818 -18.186884725493204
1.1036789297658864 -18.311905527638768
1.1170568561872911 -18.43561147073155
1.1304347826086958 -18.557930955467018
1.1438127090301005 -18.678793185003734
1.1571906354515051 -18.7981282059396
1.1705685618729098 -18.91586694879993
1.1839464882943145 -19.031941268013906
1.1973244147157192 -19.146283981356312
1.2107023411371238 -19.258828908831674
1.2240802675585285 -19.36951091097834
1.2374581939799332 -19.47826592657032
1.2508361204013378 -19.585031009695015
1.2642140468227425 -19.689744366185483
1.2775919732441472 -19.79234538938603
1.2909698996655519 -19.892774695230518
1.3043478260869565 -19.99097415661307
1.3177257525083612 -20.08688693703121
1.3311036789297659 -20.18045752348207
1.3444816053511706 -20.271631758592548
1.3578595317725752 -20.360356871964868
1.37123745819398 -20.446581510719337
1.3846153846153846 -20.530255769216716
1.3979933110367893 -20.611331217942897
1.411371237458194 -20.68976093153927
1.4247491638795986 -20.76549951596243
1.4381270903010033 -20.83850313475768
1.451505016722408 -20.90872953443094
1.4648829431438126 -20.9761380689045
1.4782608695652173 -21.04068972304241
1.491638795986622 -21.102347135231895
1.5050167224080266 -21.161074619007774
1.5183946488294313 -21.216838183707264
1.531772575250836 -21.269605554143332
1.5451505016722407 -21.31934618928512
1.5585284280936453 -21.366031299934676
1.57190635451505 -21.40963386538976
1.5852842809364547 -21.450128649083034
1.5986622073578594 -21.487492213188656
1.612040133779264 -21.52170293218778
1.6254180602006687 -21.552741005385073
1.6387959866220734 -21.58058846836915
1.652173913043478 -21.605229203410058
1.6655518394648827 -21.626648948788052
1.6789297658862874 -21.644835307048055
1.692307692307692 -21.65977775217513
1.7056856187290967 -21.67146763568683
1.7190635451505014 -21.67989819163878
1.732441471571906 -21.685064540540726
1.7458193979933108 -21.68696369218073
1.7591973244147154 -21.685594547355848
1.7725752508361206 -21.680957898508343
1.7859531772575252 -21.67305642926702
1.79933110367893 -21.661894712893996
1.8127090301003346 -21.647479209637744
1.8260869565217392 -21.629818262993982
1.839464882943144 -21.608922094876597
1.8528428093645486 -21.584802799701325
1.8662207357859533 -21.55747433738567
1.879598662207358 -21.5269525252691
1.8929765886287626 -21.493255028958174
1.9063545150501673 -21.45640135210195
1.919732441471572 -21.416412825103535
1.9331103678929766 -21.373312592774333
1.9464882943143813 -21.327125600938146
1.959866220735786 -21.277878581992873
1.9732441471571907 -21.225600039438184
1.9866220735785953 -21.17032023137805
2.0 -21.112071153007797
2.0 -21.112071153007797
2.0066889632107023 -21.082297577197902
2.0133779264214047 -21.05269878060234
2.020066889632107 -21.02327373721826
2.0267558528428093 -20.994021427065725
2.0334448160535117 -20.964940836152373
2.040133779264214 -20.936030956438263
2.0468227424749164 -20.907290785800924
2.0535117056856187 -20.878719328000628
2.060200668896321 -20.85031559264585
2.0668896321070234 -20.82207859515894
2.0735785953177257 -20.794007356741997
2.080267558528428 -20.766100904342938
2.0869565217391304 -20.738358270621767
2.0936454849498327 -20.71077849391704
2.100334448160535 -20.68336061821254
2.1070234113712374 -20.65610369310413
2.1137123745819397 -20.629006773766804
2.120401337792642 -20.602068920921962
2.1270903010033444 -20.57528920080481
2.1337792642140467 -20.548666685132034
2.140468227424749 -20.52220045106958
2.1471571906354514 -20.495889581200714
2.1538461538461537 -20.469733163494176
2.160535117056856 -20.44373029127259
2.1672240802675584 -20.41788006318103
2.1739130434782608 -20.392181583155775
2.180602006688963 -20.36663396039325
2.1872909698996654 -20.341236309319147
2.1939799331103678 -20.31598774955772
2.20066889632107 -20.29088740590128
2.2073578595317724 -20.265934408279854
2.2140468227424748 -20.241127891731022
2.220735785953177 -20.216466996369928
2.2274247491638794 -20.19195086735949
2.234113712374582 -20.167578654880753
2.240802675585284 -20.14334951410344
2.2474916387959865 -20.119262605156663
2.254180602006689 -20.09531709309981
2.260869565217391 -20.0715121478936
2.2675585284280935 -20.047846944371326
2.274247491638796 -20.02432066221023
2.280936454849498 -20.00093248590308
2.2876254180602005 -19.977681604729895
2.294314381270903 -19.954567212729867
2.3010033444816056 -19.93158850867338
2.3076923076923075 -19.90874469603427
2.3143812709030103 -19.8860349829622
2.321070234113712 -19.863458582255223
2.327759197324415 -19.841014711332484
2.334448160535117 -19.818702592207092
2.3411371237458196 -19.79652145145916
2.3478260869565215 -19.774470520209
2.3545150501672243 -19.752549034090443
2.361204013377926 -19.730756233224387
2.367892976588629 -19.709091362192414
2.374581939799331 -19.687553670010633
2.3812709030100336 -19.666142410103635
2.387959866220736 -19.644856840278617
2.3946488294314383 -19.623696222699657
2.4013377926421406 -19.60265982386214
2.408026755852843 -19.581746914567315
2.4147157190635453 -19.560956769897047
2.4214046822742477 -19.540288669188662
2.42809364548495 -19.519741896009986
2.4347826086956523 -19.499315738134495
2.4414715719063547 -19.479009487516638
2.448160535117057 -19.458822440267287
2.4548494983277593 -19.438753896629343
2.4615384615384617 -19.418803160953473
2.468227424749164 -19.398969541674003
2.4749163879598663 -19.37925235128494
2.4816053511705687 -19.359650906316148
2.488294314381271 -19.340164527309646
2.4949832775919734 -19.320792538796066
2.5016722408026757 -19.301534269271233
2.508361204013378 -19.28238905117289
2.5150501672240804 -19.26335622085755
2.5217391304347827 -19.244435118577506
2.528428093645485 -19.22562508845796
2.5351170568561874 -19.20692547847427
2.5418060200668897 -19.188335640429365
2.548494983277592 -19.169854929931276
2.5551839464882944 -19.151482706370796
2.5618729096989967 -19.13321833289926
2.568561872909699 -19.1150611764065
2.5752508361204014 -19.097010607498873
2.5819397993311037 -19.07906600047745
2.588628762541806 -19.061226733316335
2.5953177257525084 -19.0434921876411
2.6020066889632107 -19.025861748707342
2.608695652173913 -19.008334805379377
2.6153846153846154 -18.99091075010907
2.6220735785953178 -18.97358897891475
2.62876254180602 -18.9563688913603
2.6354515050167224 -18.939249890534317
2.6421404682274248 -18.922231383029448
2.648829431438127 -18.9053127789218
2.6555183946488294 -18.8884934917505
2.6622073578595318 -18.87177293849736
2.668896321070234 -18.85515053956668
2.6755852842809364 -18.838625718765144
2.682274247491639 -18.82219790328185
2.688963210702341 -18.80586652366846
2.6956521739130435 -18.789631013819456
2.702341137123746 -18.773490810952516
2.709030100334448 -18.757445355589006
2.7157190635451505 -18.741494091534594
2.722408026755853 -18.725636465859964
2.729096989966555 -18.70987192888164
2.7357859531772575 -18.694199934142947
2.74247491638796 -18.678619938395073
2.749163879598662 -18.663131401578216
2.7558528428093645 -18.647733786802878
2.762541806020067 -18.632426560331258
2.769230769230769 -18.61720919155874
2.7759197324414715 -18.602081152995503
2.782608695652174 -18.587041920248254
2.789297658862876 -18.572090972002012
2.7959866220735785 -18.55722779000208
2.802675585284281 -18.542451859036053
2.809364548494983 -18.527762666915965
2.8160535117056855 -18.51315970446054
2.822742474916388 -18.49864246547754
2.82943143812709 -18.484210446746214
2.8361204013377925 -18.469863147999853
2.842809364548495 -18.455600071908467
2.849498327759197 -18.44142072406152
2.8561872909698995 -18.427324612950805
2.862876254180602 -18.41331124995341
2.869565217391304 -18.399380149314773
2.8762541806020065 -18.385530828131856
2.882943143812709 -18.371762806336378
2.8896321070234112 -18.358075606678213
2.8963210702341136 -18.344468754708817
2.903010033444816 -18.33094177876479
2.9096989966555182 -18.317494209951533
2.9163879598662206 -18.304125582126982
2.923076923076923 -18.29083543188547
2.9297658862876252 -18.277623298541638
2.9364548494983276 -18.264488724114486
2.94314381270903 -18.251431253311488
2.9498327759197327 -18.23845043351281
2.9565217391304346 -18.225545814755634
2.9632107023411374 -18.212716949718533
2.9698996655518393 -18.199963393706
2.976588628762542 -18.18728470463299
2.983277591973244 -18.174680443009652
2.9899665551839467 -18.162150171926037
2.9966555183946486 -18.149693457036996
3.0033444816053514 -18.1373098665471
3.0100334448160533 -18.124998971195676
3.016722408026756 -18.112760344241945
3.023411371237458 -18.1005935614502
3.0301003344481607 -18.08849820107513
3.0367892976588626 -18.076473843847175
3.0434782608695654 -18.06452007295801
3.0501672240802673 -18.052636474046096
3.05685618729097 -18.040822635182302
3.063545150501672 -18.029078146855646
3.0702341137123748 -18.01740260195908
3.0769230769230766 -18.0057955957754
3.0836120401337794 -17.99425672596319
3.0903010033444813 -17.98278559254291
3.096989966555184 -17.971381797882994
3.103678929765886 -17.960044946686093
3.1103678929765888 -17.948774645975366
3.1170568561872907 -17.937570505080846
3.1237458193979935 -17.92643213562592
3.1304347826086953 -17.915359151513847
3.137123745819398 -17.90435116891438
3.1438127090301 -17.893407806250472
3.150501672240803 -17.88252868418503
3.1571906354515047 -17.871713425607783
3.1638795986622075 -17.860961655622198
3.1705685618729094 -17.850273001532493
3.177257525083612 -17.839647092830713
3.183946488294314 -17.829083561183886
3.190635451505017 -17.81858204042126
3.1973244147157187 -17.808142166521606
3.2040133779264215 -17.797763577600605
3.210702341137124 -17.7874459138983
3.217391304347826 -17.777188817766618
3.2240802675585285 -17.766991933656985
3.230769230769231 -17.756854908108004
3.237458193979933 -17.746777389733182
3.2441471571906355 -17.736759029208773
3.250836120401338 -17.726799479261654
3.25752508361204 -17.716898394657292
3.2642140468227425 -17.70705543218778
3.270903010033445 -17.697270250659937
3.277591973244147 -17.68754251088348
3.2842809364548495 -17.677871875659264
3.290969899665552 -17.66825800976761
3.297658862876254 -17.65870057995666
3.3043478260869565 -17.64919925493084
3.311036789297659 -17.639753705339373
3.317725752508361 -17.630363603764874
3.3244147157190636 -17.62102862471197
3.331103678929766 -17.611748444596056
3.3377926421404682 -17.602522741732045
3.3444816053511706 -17.59335119632324
3.351170568561873 -17.584233490450238
3.3578595317725752 -17.57516930805991
3.3645484949832776 -17.566158334954448
3.37123745819398 -17.557200258780473
3.3779264214046822 -17.548294769018206
3.3846153846153846 -17.53944155697071
3.391304347826087 -17.530640315753185
3.3979933110367893 -17.521890740282327
3.4046822742474916 -17.51319252726576
3.411371237458194 -17.50454537519151
3.4180602006688963 -17.49594898431757
3.4247491638795986 -17.487403056661513
3.431438127090301 -17.478907295990133
3.4381270903010033 -17.470461407809204
3.4448160535117056 -17.462065099353264
3.451505016722408 -17.453718079575463
3.4581939799331103 -17.445420059137486
3.4648829431438126 -17.437170750399506
3.471571906354515 -17.42896986741022
3.4782608695652173 -17.420817125896953
3.4849498327759196 -17.412712243255772
3.491638795986622 -17.40465493854172
3.4983277591973243 -17.39664493245907
3.5050167224080266 -17.38868194735162
3.511705685618729 -17.380765707193106
3.5183946488294313 -17.372895937577606
3.5250836120401337 -17.365072365710038
3.531772575250836 -17.357294720396713
3.5384615384615383 -17.349562732035906
3.545150501672241 -17.34187613260855
3.551839464882943 -17.33423465566891
3.558528428093646 -17.32663803633537
3.5652173913043477 -17.319086011281243
3.5719063545150505 -17.311578318725637
3.5785953177257523 -17.30411469842439
3.585284280936455 -17.296694891661048
3.591973244147157 -17.289318641237895
3.59866220735786 -17.281985691467035
3.6053511705685617 -17.274695788161534
3.6120401337792645 -17.267448678626604
3.6187290969899664 -17.260244111650845
3.625418060200669 -17.253081837497547
3.632107023411371 -17.24596160789601
3.638795986622074 -17.238883176032964
3.6454849498327757 -17.231846296544
3.6521739130434785 -17.224850725505057
3.6588628762541804 -17.21789622042399
3.665551839464883 -17.21098254023215
3.672240802675585 -17.20410944527601
3.678929765886288 -17.197276697308897
3.6856187290969897 -17.190484059482706
3.6923076923076925 -17.18373129633969
3.6989966555183944 -17.177018173804317
3.705685618729097 -17.170344459175134
3.712374581939799 -17.16370992111671
3.719063545150502 -17.157114329651627
3.7257525083612038 -17.15055745615249
3.7324414715719065 -17.144039073334014
3.7391304347826084 -17.137558955245147
3.745819397993311 -17.13111687726122
3.752508361204013 -17.124712616076184
3.759197324414716 -17.11834594969486
3.7658862876254178 -17.112016657425237
3.7725752508361206 -17.105724519870826
3.7792642140468224 -17.099469318923067
3.7859531772575252 -17.09325083775375
3.792642140468227 -17.087068860807506
3.79933110367893 -17.080923173794343
3.806020066889632 -17.074813563682206
3.8127090301003346 -17.0687398186896
3.8193979933110365 -17.062701728278245
3.8260869565217392 -17.05669908314578
3.832775919732441 -17.05073167521851
3.839464882943144 -17.04479929764419
3.846153846153846 -17.038901744784848
3.8528428093645486 -17.033038812209675
3.8595317725752505 -17.027210296687926
3.8662207357859533 -17.02141599618187
3.872909698996655 -17.0156557098398
3.879598662207358 -17.00992923798906
3.8862876254180603 -17.004236382129136
3.8929765886287626 -16.998576944924764
3.899665551839465 -16.992950730199095
3.9063545150501673 -16.987357542926883
3.9130434782608696 -16.981797189227745
3.919732441471572 -16.97626947635943
3.9264214046822743 -16.970774212711135
3.9331103678929766 -16.96531120779686
3.939799331103679 -16.95988027224882
3.9464882943143813 -16.954481217810876
3.9531772575250836 -16.94911385733199
3.959866220735786 -16.943778004759764
3.9665551839464883 -16.938473475133975
3.9732441471571907 -16.93320008458017
3.979933110367893 -16.927957650303295
3.9866220735785953 -16.922745990581344
3.9933110367892977 -16.917564924759077
4.0 -16.912414273241748
